# translation error
1.9270627869600119
1.4452976344079014
2.526077525156481
2.0232810702659494
2.0117071459629243
2.152684017951702
1.1011813937858188
4.702888680799084
3.4595505310096213
3.2906411886203712
4.413305757377867
3.764560342980836
5.121518019041057
3.6783459625206683
3.4036522475410713
3.7868163411924596
3.662899438919591
3.2604464599160106
1.3502206516914534
0.8650257058314454
1.8414107604424246
0.8922188716077272
1.3423960252198213
1.1309575707109374
3.7566012913993734
3.338069590719792
3.9554907386615814
6.5640801782213165
5.2227661468080875
1.791061757285926
0.7035343888182733
1.4758679273107043
3.558907224154027
1.8043443976924887
2.3842773105383155
1.8043445785878456
1.6010174253997158
5.348444591954438
3.174805971184834
2.143679860095079
2.6292133170723457
3.885061717760576
2.124232333127395
1.917083183941628
6.8565131092969285
7.710000727177956
6.1266767052798246
6.164829972596669
5.390788511259104
3.640204470303707
2.2824986885213603
2.2048251899741254
1.4630808856051158
1.8884948551711962
3.102011185823887
3.472223959821544
2.7297546769208867
2.7780281987164384
2.6529095955482127
5.149663420900609
6.125402084370878
4.7110918586191275
2.5456830095447196
2.111082736100356
1.6442839162275071
2.171468368984792
3.071879952230794
2.756003423358987
2.130567506483265
1.9990365736648466
2.3637274710318845
2.292220280013075
3.140728138062694
2.8417452100443295
1.5918930055551777
4.349704322622614
3.3260533295052364
3.9438279709500805
2.778461532080526
2.4318917093785517
4.931638546744385
4.852194678718842
3.326054432489925
1.617763137591415
1.7955405945575962
1.270633941813777
1.1241260811825868
2.6766570384727197
1.3452191739533457
1.697159615439899
1.3812676722599504
2.2825259313211657
1.7792349879311407
2.497055297487076
2.6974700377020393
5.6110635033552105
4.665493013004731
7.458012303048791
5.381556092836443
4.600886675795564
11.345236145047815
3.2519980426085797
8.33169936167903
6.771781379323706
10.04747336955618
4.143915361579278
5.319378894529707
11.09404068367969
11.155445728802752
7.572532134311092
408.2234568648212
601.3187178023909
5.069081339549845
8.118405912587141
6.2814581891168455
7.788520951312861
6.117470810294633
3.6829032643507285
3.9963382670993925
5.327164967861064
5.005928835277174
4.641258195603143
5.217593373167474
187.1926457600445
4.978106265262807
5.751481256207248
6.878255156951218
8.321727794496134
4.292916562036626
4.616787358615111
5.156309499654011
3.98788869293272
3.8973004744131092
3.558907277981572
2.468837658851883
3.161775534381996
1.6871100553275182
2.4115275866563586
3.1715239072059496
3.328749291989083
2.2922463369529917
2.4672594707184525
3.4703190892554274
2.2249658677707673
1.9892239163176646
1.6318031815212903
1.7527311145347193
1.37105925828737
2.5316009693980672
1.4680839024327321
0.3616574553100602
0.1111950520406066
0.9219847967187824
0.721742679120546
1.7955523246671092
5.7445611443049565
6.498309911468867
0.9380797603115166
1.517338194651247
3.636302746017551
3.283083522609445
4.819701694126137
3.1613571738077733
5.659765434230142
0.83236010757453
2.078420869839616
4.481754716402982
2.2527283965419262
1.0116524001649474
1.290978023231222
2.7580072526755814
1.168125784244488
1.4845813607050558
1.9892224382451165
3.640216131427642
4.997710560569446
6.594729560631823
12.091932642097504
10.24686705518682
10.90650448471362
11.725967149995187
10.417363795476165
5.355544731078795
2.4150693530352094
2.70489553874987
1.9303552719996766
2.7208440274559647
1.3264830921119166
2.0182236369846662
1.926252710991588
0.6971907404797787
1.9614825957312183
1.2292121951153967
2.8118352134793456
1.7772196808592513
2.1655877181643786
1.1719999232384466
7.751084725800886
45.354559928118704
45.52601207865071
44.74408807302516
4.623259820024957
7.48018625702089
9.164689226546258
9.895618074692146
10.66046375338373
11.695979182199403
10.88691744911643
13.271168039635286
3.531193593950658
2.213632589466968
1.3124131521948335
0.8273197400203648
2.4819584372636547
2.4703776042756003
2.001510941682186
1.9076086293505858
22.813701602460803
23.95969317793723
8.633005892555547
10.485027790888207
11.838834234250545
12.771548591610584
10.103252854652732
10.530286692643609
11.5908338890456
12.39227128939708
14.61882868024098
4.440244865970002
5.381381187200427
6.407821611933459
0.4903690909128279
1.9102578605834442
4.956984475258451
4.645965457861059
5.8522324093613305
4.26113465292805
0.9219512202972785
2.9653861364280774
1.9912026148481858
1.416346586012747
2.6523020481017485
3.0474127049025985
8.648622744548227
3.5133187203831855
2.4318611116645044
3.3940253517125623
1.185910037553525
5.540345527609526
10.577653807580603
12.508854024350532
12.499224159061573
16.52670003101329
17.057407543962782
10.250157951077044
9.431972607500455
16.917457532745054
18.31797083008605
18.387026415089032
19.224484969902715
19.369407100087074
18.009309553932685
18.14226824556835
16.31953042551566
18.51078364825498
3.069865017035561
2.7560003272411895
0.6293198349671983
2.093363968975295
1.3892150244177288
0.707801062033473
0.707801062033473
2.6154232173426664
2.697394325411543
4.066600797093229
4.074295882236923
4.565342128011944
3.303549376227258
3.701885442911056
6.069846046835037
3.5060664646259747
4.16070765549778
14.356987180610908
7.085915867842837
5.5024250502911745
5.098715835849322
6.5010140225776185
4.474918805707531
5.2302139704885295
12.011512993130644
6.400590625722836
6.026023665846199
6.724072959170769
7.831084404670872
9.142606241802138
11.828282019301293
8.616284708805765
8.883920201352147
10.035921267558178
7.710152635174873
8.740800764274445
9.654843584978952
16.887919941653696
1.211828667267473
2.965375574155924
1.2975301939914772
2.9430319548416866
4.682852820429946
1.892739510512328
0.6556850237634236
0.5616997117519255
2.8480478339845154
4.336607040193516
2.384274846222996
2.9566800365245265
3.2713224745982763
1.1752595772561376
6.081347035825756
3.3437506114915543
0.34061065587704237
3.1617688232603216
2.11718512205265
2.351267447001788
2.3842744559850075
2.117185111547922
1.503359195530723
1.5154404375248454
5.958254392666911
6.0058865496817395
8.12789182308349
6.233513463384909
6.994967103188197
4.123416692869975
6.773512740829469
4.848987861423417
6.554577694836828
1.8838596551845403
2.1398975935374795
1.2537419681444355
2.7798763080884044
0.9888417020788424
1.2166025301973866
1.2138247078202513
2.1165286770156237
1.515436927771559
2.0373554138475756
2.1674732272412203
1.2118255070372297
1.2706285400524
1.3451940535960158
1.1422109048595872
1.3891941408584447
1.1309563386198302
1.6442096283356207
2.6863628412671483
2.9665241080101965
2.7116755296434802
0.8272809818222411
2.1669366837289954
1.0848915397551586
7.623773134393766
6.051944488006015
2.07585703783578
2.011702024946837
8.013940618428492
1.7361064947749218
1.7564491755344827
3.2312595637208066
1.3076262601122755
2.572586391340296
4.1662405102900655
5.875217935728307
2.904148474051219
1.2548441614762542
1.5812882957341752
11.2662819069978
7.576595431389219
5.899325609524606
4.283484260195761
3.238890679583032
3.242307209446779
3.8669872572637862
2.87358131011838
3.1050035603402892
3.7931239018433267
3.692365944220442
2.753688492882794
3.1680807629366305
2.3492266115156837
1.5181846183563772
7.169077208003012
7.169077208003012
4.783368114046541
2.886942306327934
2.2065397305268872
3.372260378560163
3.382489612181018
4.240792952957877
4.287310660257448
4.337455537346653
7.902344755405227
6.458487056593317
4.5970549785053025
4.354619394968169
5.162954635834965
4.516378831934979
1.8838634719045813
1.7928628767015584
6.740252412960778
8.709247165091476
10.985871415897133
11.177753074475817
5.408043313674213
5.197591247786756
1.8737979100787636
6.8461345369452395
10.548250596299338
8.615387187688956
0.23450966749338253
3.9921234347821097
1.687076700031422
9.78524524678472
1.1861518671632172
7.487798011640792
3.072079685983528
6.804448520689105
4.389450470043736
2.1399046888627984
3.8944606487574656
3.840571737798316
5.1168608682918
1.578106156415204
2.202371665153719
4.939268819883621
2.8984348401669324
1.9344729110181615
3.282169636003586
3.6720175651780003
2.4318377008929617
2.338376950506687
2.9041491333947813
2.0486401361566315
7.3847602651706366
5.722810197908272
3.700928133235768
3.458022448911725
3.236386650332301
248.44262691813628
248.187020533067
6.727501214941725
7.570088676182476
4.891666916061172
5.271969578322219
5.600532083895188
7.102875767419138
4.898269181259976
8.846522362997952
5.8197634642624125
10.197555115501391
0.833348739725426
1.7928958264077035
1.6129922656381406
1.4833176821060976
1.7030554490835326
1.3361144299807026
1.0196587577882732
1.2829743509091185
3.466347315433493
1.5468461912067915
2.399131872375542
1.311390619786432
1.311390619786432
2.8760734837455746
4.838212451001301
2.936073489278377
4.0053878408831745
2.711697297818256
3.6700821217940076
4.416810780273567
5.546284147366943
3.6783716766831724
1.9986555132185335
3.902820795425054
2.4547586575392306
1.831704882731602
1.7792319926952864
1.4496016817702153
4.101795235640084
1.5173141448514111
2.7875337944176812
3.4803619327739583
3.236386972930354
2.639955776973855
2.5034419059764903
1.6442846925256236
2.6738091160230297
2.0436673494445623
2.74901286861927
4.19965023817479
7.133750925661494
7.102970410280518
83.82134170291909
83.38806180729662
83.03081795674208
83.03081795674208
83.8067566491461
87.08089068961365
87.08089068961365
87.08089068961365
90.4240485824658
90.4240485824658
93.5012641635713
95.66088233057489
96.92400279551659
98.58169087499628
4.338385376054305
1.3146098474234718
4.123417677882745
5.3555416180887505
9.252932688824917
3.2960861214164097
2.942137214456914
4.5100956002947825
0.5308603763370766
2.616086161478564
4.868831216118261
7.978032434484937
18.466228363006188
12.468075645826136
10.693563288193095
10.693563288193095
10.693563288193095
10.070872693723373
10.070872693723373
11.552158972640564
11.552158972640564
17.4492411131991
23.239874761101113
23.239874761101113
23.239874761101113
6.63089298837259
3.6924035044494916
3.598330783858367
4.805599196722926
2.26840789822671
3.5983311439770564
4.877514240757475
6.693808047412158
9.253620802199467
9.253620802199467
11.793907661009213
13.246702361325871
13.246702361325871
13.246702361325871
13.246702361325871
13.246702361325871
13.246702361325871
13.246702361325871
13.246702361325871
2.77026390364402
0.6204060690366382
1.8317145572812452
3.6720178005945736
2.233466095499871
1.961486817642878
1.187669192503298
2.375339154148933
0.9311892240513516
0.658158863821516
1.7746903156096758
2.4773783843986297
5.078849817161798
1.3414223427614027
2.006239035308888
1.039027654299285
2.1138268328355907
2.4501611050750407
0.4276749403533398
0.8256203355568381
2.49708773320721
5.670859743237706
3.271329294199137
13.149093993644582
45.11399320210974
32.19604145379549
5.07885367375869
3.737817381760694
3.173083242894784
2.3184320360505075
3.8241463187870006
2.3964128210552187
1.9102594571994815
7.9443872035745
25.03012632280214
2.449167100992981
5.659781975955658
1.8728478799452668
2.913827685344186
1.2438899915757362
1.0826153105456966
1.3579427958553878
2.6695686899016047
2.3507102295362987
1.9098609766618253
1.8915685340188737
1.2231455759832923
3.4641830822544724
0.9016530832341304
4.186862386247889
2.116549470143212
0.45007420439224194
1.4466412365091925
1.1769609278600481
1.3780053276091977
1.529724097125959
3.222491111988159
1.5869533001307734
1.6546869988860136
0.7814025749185443
1.845522677663973
1.1309597807236793
3.631780903461374
5.226975912324635
1.6295827759960078
2.070390078513269
2.0121337078246664
2.6923089250037298
1.735018307598137
1.12043887859732
1.8838775132329104
3.2099371769279945
1.8264212716229278
4.066949177871647
1.475892707363207
2.036298085687262
1.862380015711358
3.2099357038385126
2.9376677030396823
2.002694024883842
2.990846191361303
1.9262630436124633
2.6412049537851163
2.152688944044743
1.4711174995348288
2.0569795093516174
1.8158608089197605
1.4455356793571814
1.4859360379629452
1.5033682727566517
2.770274197796083
2.837317352435307
2.335096099218654
6.340955227748211
3.222472719068502
2.0441913207023004
2.012133606935933
2.0951769338814032
2.6154636807901563
1.7030585830335812
3.11422074072221
1.2706365088909137
2.85449424242041
1.6904948620231202
1.6458517661418597
2.0758689120350664
2.006239053194938
3.1753197120008383
1.5808880099927445
1.6904948140710072
2.639476942556202
2.841761741106728
10.067615866423603
0.3608713029327616
8.493883431381681
0.5938364845992161
0.4903720291706545
2.499650379295998
3.6765687622938668
1.4186578315847416
1.939732319190847
1.2145929314441684
4.561379185164972
7.897915664703327
1.5154795841630329
0.7648547583045776
3.7346525482394397
1.3424245663976835
0.7356852080413286
0.2615459216724839
1.7025482041615627
1.7955503794125198
1.5033673338671332
2.7117147410936426
4.411539426247791
1.6971825140974248
1.6971825140974248
1.791062770674876
4.183188545900112
3.0721073127280536
2.56076980086967
2.2249658557949794
1.9345314630227677
2.223138245015872
2.9272980735147165
2.1626033549135366
2.447259197088846
4.8583626938375035
1.9015595774906455
2.927295122081815
2.1832787797083513
2.711822544734743
3.8310426813001985
5.413062446637144
4.2112116934881385
4.053955090891994
4.519797511271274
2.523499757525973
2.0934092778533553
1.5033666843559665
1.546852315106274
0.9132098634648886
8.068227911937543
5.6738652166276475
1.0826125307938772
4.114792604771951
1.5341656881679582
2.1526879468171676
6.380512055284999
1.5815962526688794
3.047422709372344
1.600611093806708
1.5251795889930164
2.422004125796527
1.3485469105356582
1.6904945645418405
2.0776994563833724
15.491335802665704
6.511085215412121
10.34368027556259
8.6677806222729
7.172512026634888
4.6332081601065855
3.3508967794558586
1.1422326182284706
0.825620162038946
1.346916007145166
3.131961709460089
2.2016459491496034
0.6581610589992963
2.7117174021336132
5.181226717516926
7.243718780442871
3.869799147113264
2.9419514292821156
3.745682986921426
2.9588341309316344
4.7511258301183625
4.471835357534173
4.838610201234211
4.989007092830414
4.505381448216727
4.546451350242836
4.541421847391706
4.295689213897102
3.9295061075611355
4.983888245983561
3.027375004654898
2.9437667436591255
3.171547319542522
3.1632252161179197
3.2425685128925
3.839954041843498
3.4037939803266997
3.2189669190392265
2.5289165408534817
2.9283147965627587
5.524425551761859
7.0988040386283275
1.9986857059817986
1.583058406617772
870.4743176285575
857.5958271496706
0.9104092083722832
3.2275934145418965
1.7792430403761674
1.61416990869443
3.5911178612229593
4.2559820718110215
0.7507008368701436
2.1365919006478853
3.692602488500455
1.3710641664629857
3.711752252911706
2.2943741775532702
0.5727636920863648
5.500909972386034
3.0962614409764186
1.3780062291008013
0.2615476534991316
1.7804517435703604
0.8334021980699682
3.704998630184424
2.3796049453954926
1.8033275019699548
1.3710656291874193
1.8953216365913153
0.35391687988931675
0.13765885930286184
2.942152428742946
2.020357904851398
0.6972191948187316
3.600594954491437
3.0054207151229138
1.1309604853479946
0.8195006310910189
2.4768683265469456
0.36166637577184374
1.862383667140088
0.7571273644310929
4.449931867613275
0.13077418405360447
1.9262751922154346
3.919072048344324
1.1161379284582742
2.006239345981522
3.2604525183098696
3.1324242513806553
2.590615475982575
1.6459134982802974
3.1730997028737793
3.5624997832174365
2.601209997074646
3.2391075535070475
3.983272232069175
2.5951703537529456
2.733003474995445
0.8259643496324354
2.092391405588828
3.745698415767667
0.7891200812715072
4.114216935404979
2.3361103207785803
0.653872749533813
6.228444410439554
2.450161426555222
0.8510546839290941
0.988958455515493
1.645918383708126
1.6647639805498649
1.1753945690907892
2.500668278946639
1.251806574961606
1.2587567771049872
2.3184560980808095
3.6864173565710816
1.9616215819181488
5.348446631937318
3.8112103869355107
1.862386841130468
0.5306651600411751
1.0384375191977844
1.4272737179792636
3.0306127249338566
1.9914689463356332
0.9956622816123314
3.0406830362090713
1.1107030771266488
1.3413804177524344
1.345252003426889
3.1327759882334636
1.861240258657843
3.6221610157749495
3.438100044683314
3.5876879842183604
3.989793324305064
3.1740549816740464
3.9798214575107207
3.168210112544475
3.5720198033885753
3.02470035981761
1.2955062976355356
4.022996195931075
3.864940638631498
2.500300292624311
2.1107797382156446
3.214711712835279
3.266273198402309
3.8865292842631685
1.5920133818870827
0.9636486326740964
0.7904454813455045
1.4471735417784126
0.4655973374912565
3.4907525835723816
3.0820174742809954
2.07854421714914
3.1528578174717747
1.5816744354743528
1.6458991532633904
0.8650672314074399
3.6855411210559463
1.7844390030161073
0.5602199499614899
1.251832490802542
3.7852636382504006
4.506747440965459
13.609748979523216
6.609316138071853
8.455840056537674
10.24151836679854
8.800846838398305
8.099226661809794
18.205780017341628
2.936328107867308
11.64436354987417
13.459320954255936
7.8801269286752165
7.464399982454008
4.159023178113097
2.943942325246917
1.7410258013509075
7.499438526961722
6.897607450861885
5.425065080878496
3.6633434382066623
2.091746512308842
1.1235496809957093
0.46906534829310614
2.202640419735663
3.800456875933662
7.241086669906006
11.343165492037711
7.897667359208967
5.2418952880224765
1.9398572646258831
0.6983963307064739
1.2909879635775268
3.220502090544363
1.7000824458054953
2.6724227451748113
3.1390695829086694
1.6647872782307827
2.8687809004992073
1.534194225189621
2.058689760787453
2.449205766515182
2.9542586278113223
6.852906213298912
4.285187511558938
6.146925833897165
3.0054209748189527
2.119518959840231
3.5701374328305913
2.994316811734072
3.3321195909077956
15.933481826262973
11.641753762428118
10.008936044061894
7.015573735949347
5.57363535737217
4.3036792674731394
2.4193256166277424
1.186169902301075
1.8953220902673102
2.4463866518893593
3.418309495747494
0.5727653515979829
7.167092544882521
3.7224915637620786
2.755544032469104
2.2277569863285085
3.552804075127216
12.983509078783582
4.343276764684238
2.5574862032998666
1.9102619756290513
16.743000123838698
18.553961045025687
18.943565131687222
10.518513391392142
25.097586537962766
28.895640628423426
40.423201424452046
7.118420065273229
122.20678223631657
55.14207876343727
0.3034775519984547
0.7846537185219014
7.895890949044502
11.81920019127584
4.672653663905614
5.941777263387957
10.247086106236193
3.293934098354746
4.638975182799917
2.2248682480467106
1.5582517467464627
1.8762641962893862
2.7313006276912217
1.2439682531044458
4.455528487880017
2.4091747376473163
1.990660399002235
3.4586443643816756
1.7373003383113421
1.4711353924279595
2.7363806133096658
2.548830960436433
0.9585992919849073
0.4690672488968699
2.162675133107007
2.724841194330395
1.3146276279787246
2.1877422209844934
0.7783653664062179
4.156250214499631
4.509926006447579
1.5703669744955098
0.4818312300277796
3.8401714874263106
12.658870485489777
15.811413479192508
12.549083232732768
9.524305915481031
5.359782633278808
2.419402870479504
3.526305357077204
2.2717451966491673
5.36862641180595
3.847747004306312
0.9889932826275349
7.680362445206887
4.971154324144791
2.382221765110357
4.877925697124474
1.8618226515753775
1.731101267303977
2.0769407548472083
1.334340626609251
0.5860398273326171
0.5617816113588758
4.047833085191626
7.289006255169237
1.1247763949126208
16.77243312519462
5.578086284931461
4.074079725322006
1.362856850837718
2.5728019462348977
5.20961904688687
2.2879042718764437
0.9538181627087433
2.4879662637529574
0.44478021028439807
2.9785808969731034
1.1204401800342756
2.4646055297321494
2.223194351953072
1.460210920505836
1.6318327960737316
0.344167778251805
1.951609965263242
0.5623886125363962
2.3429816701112665
4.98710537440208
3.3365616673294203
4.25601559965668
4.403321316433375
3.8955367434437314
4.5711756584969
3.640251528505506
4.017789919975367
4.241797494815616
4.17140117511268
4.098733295906946
8.055246444618037
9.983523232256328
5.556457918431764
7.34505135961621
7.586454056324954
8.744833624730965
3.3382778149178485
11.383693343807828
10.881597928030757
12.559579565527569
10.787314773489213
18.689274859653537
15.070403125710914
15.377090214244221
17.1994090224008
17.096659933502483
493.3787387669523
380.78454988641437
109.48497421990938
16.938574072091228
17.094717678145184
17.268990481463753
17.69287209715142
13.90965076993472
12.74859008247194
10.327924168683623
10.050312597581382
7.3391119358384085
5.202568390658459
4.285851792791238
6.575120426668825
5.443938163059849
3.62597320043833
18.447707408914706
15.559941723172457
12.682919114570971
11.186448010885316
8.299152988200026
6.855923526414223
4.152125493950476
4.588571022513234
4.444021146892579
4.330856432245155
3.6927467561675966
2.558412344922231
3.102084684370408
3.0083998068744258
4.904476797015763
2.497199859398105
2.9849263806831727
4.651924447136823
2.590618644010006
3.5807009921075688
2.5574862032998666
2.710698592857178
2.558412342164789
3.63981949781263
3.171696259411501
2.4492138023179635
3.102946518869058
2.382532643481808
3.65255411839847
1.6512553583953378
1.4379037895946385
2.0442706713259446
4.273455075379814
1.4497697757517172
0.26155200162944126
3.913074610072601
6.898805428311055
4.40579743648135
1.9961647157860776
0.8052917499630735
3.757463991923729
6.028679783010191
1.8441057015866602
12.132844755810188
10.054840931627865
4.307308885466997
2.0917658775654284
3.8650119943595125
3.6222463830368095
9.901132738460893
1.7910647560286304
5.765926487486468
3.948616877058361
2.7083553169378
3.915856746512665
7.776008147049582
5.923815962579859
4.494229703963202
3.573034665366807
3.8031229239599
5.813701139898189
2.4278270607997223
3.224656516958154
2.603106109560246
4.209392792030761
3.099474128706682
4.307290120882689
3.5392758448553323
2.811931498175413
2.4220784667739386
2.449208654514409
2.8070482607847342
3.1097087286752427
3.1216900583808673
3.0592872815554606
5.532275569190523
4.4406199130884305
3.62715236276542
3.8802025587556277
1.8597934663107267
3.480558620044081
3.8224557213036614
7.454491830862749
4.7937575671581945
4.225411987445585
6.751122134439505
8.161071299440877
4.561075150162437
3.361319617038232
1.3580062001531672
3.4497944738859605
4.909982181230894
6.511093531658793
5.230245413325146
3.803122353919466
5.339137571583635
5.3413555635751955
4.785844197541608
1.9465873275767684
5.119138924223971
2.429234743880198
5.226167459347665
6.811128591490968
4.950822044129692
5.91300124179798
7.522503031537932
5.581974042654172
6.549489700522679
3.749343725867597
4.636926006673676
3.6271082635735943
2.159699053013183
2.1924263104574777
2.5412830255175036
3.355879338981965
4.897795174815531
4.4428147806510045
7.566274577711714
3.0078255156828004
4.390892521587402
6.773539365441926
4.781788458405391
764.870696094051
762.5536855595085
6.985681937075972
5.7818250910361115
5.461311451908568
5.71731968756684
7.024963378168968
2.3908924711803152
1.0534629591701097
3.173107353692586
0.7217476724685068
2.8757585419051654
2.8124606147270117
5.071490595145962
2.5611884893482375
1.2876206104885894
3.0277091629490807
2.891071360129011
6.836565515746944
8.573612223539763
3.2550447631072337
1.7773232407553363
2.1626476563993866
3.806619235849474
0.8323816786545274
3.005420811031009
4.769064209573035
2.770310430189316
1.844038052087535
1.253749329063207
5.232186759773521
5.92988109337312
1.5252246963130072
10.317227325109407
26.257003814076153
2.399141709544179
1.9015605866682408
16.439040876733355
13.628192131544765
16.49909350930969
14.396612603995148
16.62912207489523
13.777244998767705
13.777244998767705
15.459385651905391
16.886671809528245
5.860205940479158
3.355087408746165
730.271718487668
374.4130937811407
23.518971837891446
9.058200401325951
26.186188840489923
55.830799259900466
60.16107780745869
61.530167236608456
64.15693033954253
65.67733931552995
69.72808757541702
72.17869504096232
74.03274587091023
73.35923809885999
2.6292378663271534
80.83375485651334
0.8273550449943401
1.341374260862525
4.183302218137239
86.98492644970466
4.567302788129917
7.491386517117486
9.18293883465664
9.158618698584611
11.999714654889543
116.17733108636534
1.4071449072146993
11.912510023632006
11.912510023632006
11.912510023632006
9.678488578839524
5.502723486411077
5.502723486411077
6.145067663004729
5.149765523236528
3.2041959520392562
1.4164205960926943
1.4713830694317407
5.386678895090291
5.136732932393938
3.4042042592198016
7.918481207817188
7.365154039896385
3.6052396840295255
4.230454236206792
1.4602088622826463
3.3613169600998063
2.930064570004378
3.347193423201644
2.5906140763506316
3.1978698423964143
591.2018595169416
1.3146162877813388
114.84870630604794
711.4530358621413
37.0711986164694
48.20973014786262
1.6105759836317173
2.5235025821368535
2.2231476676715345
4.061762887258041
1.8761722742371862
1.7640579420366393
4.564387458231606
184.97295770007858
4.616848052323577
45.42832884795418
2.972135968252826
2.167984843558652
1.6735966166947385
5.082546755959076
2.746237498205359
617.6865612048493
1.3624468955032087
4.023442749189443
0.6069365411811071
2.477807557798067
3.5260428630496454
1.8455148257479403
3.394198229989124
22.152947704564657
19.84137989776373
12.009301610749905
1.6806582321545518
6.7037544253389605
3.1572791891750733
4.56554243879261
2.4090706066651926
1.1720190117829368
1.6295823501323863
2.1526889672187375
6.335583209194224
1.42101329352984
0.7652317736192422
2.8251503693557947
1.2875831281530918
0.9549273226973198
5.195154019656354
4.325231374001692
4.975734115398234
3.7359384818832173
0.6983925756044612
2.942146900456746
5.061351614104263
8.843830000298942
1.5692804042228994
5.699332841548498
3.422252590564658
1.5703651220824966
1.0390316117980802
1.1349140551478931
0.8259403521715027
4.052164038468623
3.059114690196277
611.6233863445574
0.9538088078212644
59.560719339945855
61.98906058558037
64.17899492886458
60.08841987674468
10.265056408291745
10.265056408291745
13.187317237465798
13.187317237465798
8.574944409553458
1.9102594064127234
6.363432977505669
12.313908510308966
7.919977252618497
9.015600835206056
4.872911167582238
14.455633929222971
821.3754657429479
835.513083014837
325.7206056938447
327.53564087735066
330.9524824422181
332.774181982494
334.59344763055157
335.98232057684413
839.5459399239027
838.578956881054
879.5237145281699
882.2599513256657
869.0055791444302
886.5580735998337
845.8392829286735
887.8281839880297
4.25905070550398
727.3715204002899
859.1944868594521
859.1944868594521
303.0849959165783
11.590931495153999
22.86580950801056
220.331948578757
18.633883101438613
17.395199743693624
1.4156415271459524
10.138559889829212
10.26137678125437
7.6601350167076605
5.925745190481465
2.1699272623158206
1.8032734262227896
0.6293458545155407
3.6627694425390445
4.724441928249396
7.0781994822865295
5.497262912958969
8.139923841066677
5.517348867829017
3.912760392233352
9.164203921236272
6.00598499377697
15.417098504632207
2.4750750605302954
34.012405732583815
31.76121743458451
21.79941891397373
20.13367593774623
20.230346903012542
15.259976033130338
14.570667375335798
16.69616621081899
1.7580061618818468
2.9254788128000557
2.9430375068332286
5.068108859725929
5.452468581250329
1.3812778447879137
2.050317270069765
5.682747596341415
4.576454250615896
4.02270607899002
4.716053511841234
1.345222042056503
4.371422494462825
5.6746206308866585
5.29135785764465
10.233648630455088
260.82548610219555
1.752697707432539
2.5233966176861076
2.575115778185477
2.7081902909356312
261.7637661600395
3.396511052167568
4.593353370552113
15.744063649964023
12.034174097537857
10.24689414835636
4.341519776990565
2.3220647562741146
1.9615829662727926
3.5061688902367365
4.897620072345409
418.36340509562723
411.06523841546147
420.25925122334036
420.5471838981784
420.81461630811475
421.0176716595939
9.842204356268363
10.593602777681069
421.9290724156276
9.947687416076148
422.394607193621
2.284786820944518
1.7361132990216321
2.232190647333765
2.481613780066865
2.1068085244431836
2.16521895441347
1.6735962443910115
1.5628047008390025
2.122771661674262
4.110790974182134
1.5943134111986783
4.246866587060002
6.9692526468564315
2.044903519642698
1.2145820142172727
1.6010219598311308
2.886957942997098
2.3514562511490467
2.512911028433476
3.5608782825557177
4.77772110155329
1.5033643354462873
2.121730477989936
4.654507371914917
3.305844538650395
1.5628046683485417
1.4758752869565737
2.7702394067947655
7.727638513449447
2.3184105497843532
7.321871437256255
8.485748463558659
2.5561476975086284
4.921082178746556
7.383549587994462
7.845836680978636
3.047414586762326
3.8311127250070434
3.6005900091186174
3.675241271033161
2.9204149746177857
6.875618048843542
2.342706330403339
1.6442841864441895
1.5628046347840499
1.0582697725274404
1.951414922181634
1.9744212402414514
1.5868834611233456
2.7297559583048763
3.724746304823803
1.4697910822503764
1.385116966420363
3.6521702895866577
2.5682875569472934
1.6389260120791163
2.2136039566876926
1.8953210154966866
1.396779543307543
4.330431321142064
12.536020478511162
24.82596437470168
3.5873861385509453
13.764424938861168
1.2145778595700247
3.058979903648765
1.3123930964946464
1.2388487954784326
3.0077466174063763
12.102873397572864
7.117359263899247
5.394053527829857
1.9744072956722085
0.707805159520317
1.6317881981131879
0.9016052993403063
3.1630341665675905
1.5296581207263986
3.0054202671946957
8.707314736608561
10.500395295646712
9.677775323561915
4.766884262993801
4.654463749600388
5.49521894696864
7.5837507456195965
6.394036155370924
12.626062658010781
5.840529590270603
8.696004640172536
6.219098122425365
4.629743460641371
3.0077401588406927
3.026352939256528
3.0406753300708487
1.7928833268931907
8.563930955685096
6.969146431423163
5.268324917878079
2.5561880426986265
2.396342557031979
3.0406751342542577
2.3391496002530223
2.7947203033019443
1.951384139899952
2.45475480501047
3.897299944372787
7.070170216659931
3.5572612662661753
2.458359521562992
2.8614028049980873
2.6247472641385485
4.814347596750372
3.2651579943806266
2.1105884545508844
3.343889935315449
1.9958901711454196
1.9068322725163265
4.994009677001305
1.9894979732958906
1.4623071633506988
2.8869454891709023
0.606918750910418
1.8316975997837561
4.7270990305790015
1.2516909666718394
1.1106794403615516
2.399811800675782
1.3779991697681084
1.5868402699893651
2.6064544268030065
1.6512289266364621
2.008229802071159
1.0379296472459243
3.096245843870917
2.3963263857736528
1.2138344148001683
2.6875288755006266
4.536783957615886
0.22239010478853713
0.06882314964708386
4.003613470459492
4.196704444264752
7.140134257108159
1.2437948930573497
3.515880026797535
4.912346683590665
4.413246556488874
4.615959753417608
2.951713916693651
3.590706971781273
1.5121711157343178
3.692598364619118
3.2692614823151773
4.864157309437293
2.711816978341835
2.481859470109466
4.634502484595732
1.861193294314146
2.3442062120345257
2.5531151733338597
7.239464813307945
2.4491152083107037
1.873767821791389
2.746176393970842
4.711088424991102
1.5468390039264368
3.592745410740715
2.3358175933945553
1.8307831792345524
3.2253908536563873
0.3923106004671717
3.8595243046067367
1.8933782263302936
5.470564200913871
4.568846590060598
4.338790917051774
4.514386787404479
4.4742266325494064
4.58438036359704
4.17138233518134
4.550966556187936
4.072547092446839
4.024050910735699
4.9692654271071195
4.212609185998772
2.327957089549464
2.5260688656188917
2.8613924693751684
7.9181500914364635
5.360243544253879
6.194049975941493
5.899233654026488
4.9564258310746245
2.4703748237691157
0.22239010478853713
0.17694666225693925
2.3391493250493465
0.4447802088697503
2.6671790859331654
3.6401863628119595
6.188542881417584
10.423484253415772
6.907789511719339
2.560751058711983
2.8136037817143524
42.59616330916806
43.05084572777041
43.490883527253025
46.526845059211176
2.3202698447744754
1.5303161849827893
2.367073615679597
7.3398738860467
9.634433510343928
1.6806557498721537
8.550427707269648
9.493661195524735
9.602432695168314
10.039138263301346
1.8171621798600819
1.9395626956591685
5.96002529776002
0.9380093186145771
2.3991246387765157
3.174473889367612
0.4655907194636943
1.7639058275310149
4.609486099870578
2.814657278962477
0.5602185258497495
5.672867777834235
3.893859094817775
4.931940189488887
4.039499610771341
3.033562738151807
3.701772522294052
4.86375477699806
4.243396792330166
4.505989317718296
3.4581058026449987
3.131767290516444
6.66101382858893
6.397871886852977
2.282390475585638
8.104103118094178
5.854055797385861
3.5624086920930753
489.39971778596873
125.45267769547495
6.33245950008958
3.662556386058162
3.515793546487849
4.161565975307853
3.9151865433411674
2.98419269489015
8.27488932141514
3.8972993771952122
9.130189838842652
4.446155371032897
7.584618683102963
4.963152261343333
4.427523909363337
2.731077729153891
2.1165237700091937
2.558411997211731
1.5943077983251233
1.7927868890829797
2.167442340065029
1.3413451525416065
8.272659674025679
0.11119505274793048
5.159029104869965
1.9903989839216771
0.34061024654244976
3.4594425134107722
1.9615404153887646
1.9170237760883004
0.8052820874511664
1.487952229504764
0.8323149006950749
1.7105363654679655
1.3811706360161742
1.5867784021383067
1.6776799337483455
1.5917991306558779
0.9392554706323823
1.5692330783834973
1.8883966307177547
1.5303033444021326
3.6915813239760173
2.0552854100440463
1.9960202707742072
0.8650087235261211
1.9989001471820804
5.398084567847537
4.486483269057885
7.758692995132257
4.195515691243517
5.57900825228395
1.2975136724455039
1.0116311092391512
3.747459379792623
3.121254183531427
1.6388557024882784
1.1160446009996354
1.9904061648007447
1.1725112950591223
1.752565497068171
4.051787947013735
2.6063675312266326
1.2437592844746017
1.9102553722994375
2.559736764274232
3.2591357178166733
1.2975149071190533
0.4690050449935287
4.166215331395584
1.7300205046777692
1.2706273628232554
1.418642393025567
0.6203951994759591
4.213056191074042
5.696736485762181
2.0552935241394543
4.024979999564547
2.3183741286637063
0.34061038545176076
0.360866429419912
0.1111950520406066
2.434401871155746
5.20454778000199
4.398631576306496
4.76946921781479
4.07397714536736
3.9377275914436454
4.8975782239445635
3.0720610704267317
1.8623646042476467
1.3263883859825891
2.6403392705793514
1.5649152593315427
1.4758492979410982
1.18758407488309
970.9215209265412
2.5311563372277073
1.664643939986431
3.2040076088296043
2.8680217196601814
2.4291200209765087
7.110515939637851
1.6388705781157582
3.4532243538351763
19.107007370878126
0.6292986219278707
14.904139232563702
14.263936000218916
10.862698394222518
9.289381820909016
6.561650436950458
5.219801348975396
3.3941706056558556
0.7356597734014517
0.5727602984233964
0.881116049748108
1.238796225089406
2.9689708152112044
2.400806351571603
0.3335851575364676
4.108291543893766
2.1120275556148727
2.531164040503307
2.248144481252045
1.0383031700261776
2.171605651822778
5.923318186102844
4.577254901806445
1.7164814773276647
0.9991483062390357
2.6403552544733526
0.670710615521167
1.385095894269897
10.964425378568015
12.377505009036748
3.246271088684322
1.7241476707610548
2.0232716596046876
0.681221188243684
0.5930743531943253
2.375187913740782
4.040513080476526
7.1517958597946025
8.323723034393778
12.200860821200903
14.472965759504008
7.817768102091503
0.3034571632622041
4.110709264295076
3.157178892891481
3.834102627506314
5.956410635682375
4.471010564017571
1.7792238693799751
13.182142937534307
11.6093336014385
8.700460623164963
4.887200398198395
4.32509189394378
4.628067349425711
1.0090796145484089
5.524170067353065
4.060252552880333
1.0379291089783789
3.2011353115814045
4.543135926923037
1.0826027676544765
4.066114199912354
3.436752990848955
4.62807242030716
3.7645401606919506
4.000873740910293
3.3481969015613955
1.7694847736340378
2.123382296725538
3.3087684561802506
6.178224863620914
4.708531719439287
3.878702271125542
4.123582807036048
3.1164020116089337
3.6059346385373527
4.465430605471825
3.385961337238812
5.03841267697295
3.1680921623042644
5.620439529282422
2.5907512369989303
0.9219273166549632
0.9534137809248328
3.866003900619343
4.915874316492516
3.293576497334396
4.248423893805487
5.268277036467565
3.7521377666664857
3.7455072029537417
8.733245530837387
5.161273151240499
3.8038598277335485
5.560213736150774
3.9213290808764567
5.268749181691033
2.048623301190925
4.27836952302202
4.631449359313487
3.6230844333804035
6.402299764646119
3.524482397713815
3.883829884591552
3.4325682873414394
5.925882373170319
5.410132608803243
6.61726714481243
5.250174353313439
2.7248869607069235
5.473091180822795
2.9566818076163894
5.328978263709976
4.654431396891606
1.7000231768226959
4.489661440813642
6.054531956713752
2.336110124888287
3.197843966873575
2.454988996449787
3.7850271374780666
3.9449801307107535
3.546566207167257
1.163981289191216
1.906834328829807
3.2221924033785267
1.1719725183061307
13.247858608500376
3.436770458245
8.896669088497925
7.592521557306597
5.3193358834067626
5.718011409486168
5.665424463785655
5.575019399937553
5.540304862525936
5.398864168249984
5.567765699244762
5.642140621957853
5.239357992552468
5.276396993149294
5.0624347410725585
5.095759883208661
4.983757643250941
4.9683989368676995
53.31003771759185
6.9716974123462165
15.087561521162753
16.660243121159294
7.080949861582639
5.670947666802766
5.036610805620155
1.4465701361587149
0.5617135292743283
2.0915161082816054
3.9341645222123103
5.094244709051728
6.246330652595917
4.673093305465906
6.014385745751362
4.074765872687251
3.692437081344334
4.536798608966098
3.7007732437688863
3.864568983662851
3.853842454077469
4.296688388562163
3.5526735567387693
3.8797816386580166
4.727418359950025
6.026141310083955
3.6898572597384818
2.023290278964816
0.9538030910269218
1.0461738318578204
5.495114834670866
2.673800277566085
3.815213178712069
2.580534575209336
1.974419535919537
0.9956030755576318
3.724746636500803
3.2478253593022437
4.148888734151097
3.8136946017186975
2.4846652642517686
6.671703137997522
5.8618782069753195
5.060727098244481
4.702537631759619
3.796261384900256
2.622793282035399
5.279487259814134
6.300382455193011
5.152342869745651
5.819767551675874
5.752225203031822
4.670192196315336
4.447802092941446
3.472226116764803
3.138809521728957
4.337153169582487
2.9427091227732864
461.22480339499475
4.008343447760874
2.7993919057114782
3.952216665410035
5.352656960373292
9.34885735666175
7.121806477671726
7.005626389772592
4.744382479481784
3.811901921046687
3.202274691901768
6.332973388666561
2.207035792979875
2.335930865955556
6.268727406745893
4.563670489575744
4.74462652378683
4.265190050842264
4.773889408728184
10.479047033176698
5.279490508038878
7.461504867155403
5.903002650389796
6.173809767863232
5.868160932264482
6.299047550718777
9.598374638747647
8.4553071606887
7.370779367454317
6.141429988797741
6.421649672356224
5.596573375845838
5.387594427780618
4.82040315021218
4.376906076548084
5.815228273934381
4.872899112459675
3.936572205274372
5.08253938355683
4.354841688113329
5.6207645940313355
4.794292249965703
4.389319810643149
4.837411802832244
4.245543925521787
3.2713278916708743
2.5796947826177576
3.132759211973067
4.582101321733812
3.993356240848233
1.873879015925441
3.8687190669926474
5.0290487994694715
4.5821018433923
6.365218126921004
7.641035346963614
11.662193034643291
11.81054796174919
11.263620233101232
13.51951905283382
13.796679871431675
14.29815376026971
1.1349045898192307
1.3424222170668683
5.562370725253566
4.4398950498786744
5.883884127926684
5.093453999158502
7.548801430264596
7.297519542092293
6.559704217549823
5.507651862941173
4.515271191578962
3.3093404260413934
3.7075682521060607
4.338530051640808
4.7616652616169794
4.636649625564672
4.994167289284956
4.450127928182345
2.4052789067238995
2.969181235522243
5.84786433950058
6.6184014294773705
9.326323911341476
5.884556637947808
5.794102627484674
6.924479037006483
5.9817990439593745
4.838607647324994
3.7467267130737034
5.493669241144677
4.291712717424228
6.956977825959567
4.36322608772192
3.2012371868011145
2.8682087019417106
4.248561235187919
2.3427991995623385
2.9882816315841354
2.0233111216114983
16.553879977928815
4.994572523066701
4.027294543037988
4.156127880437612
4.864583165830924
3.6186868264277465
1.8083029775836914
5.355550947154451
3.864356874324116
6.1590500147672325
3.474535875772629
4.808271196020793
4.088406455336043
4.131218283848303
7.0026861411661345
7.793578055591065
5.698385322391461
6.117477074200869
5.413082034390652
3.348380426283759
1.1204390332841545
2.1405518329114073
0.7217444409981273
2.2985882306116223
1.5304823421108709
0.8323707339492045
2.6160910269430317
7.00562642149326
3.79064321158792
2.1526902058645923
0.7824997987097136
1.2548881857920373
4.3665658590451395
5.81978286917493
7.384596758444418
10.60442526794915
3.639653566277234
3.8197681475627934
5.14977798179176
4.193685067321021
5.279009531691823
4.716161513461987
3.903029106550343
6.0933030835651865
5.235776517491716
5.4934798826690505
6.886290350399746
6.847608001043062
6.14832961496882
8.9574785682727
5.072509828739249
3.925681345523369
4.363285971327188
4.737042872441954
6.866688049911491
5.265434110641871
4.81822584990209
5.060792045178438
4.99789974747257
4.864076546789415
16.1453564820779
14.44700572978974
12.912048975476164
9.850857754261046
8.410759280988213
6.731115860333708
5.209604915617297
2.1437744305464888
6.444441011569797
4.891846657788596
7.147532628831013
4.69214315020841
4.199901858441886
4.375504798752466
5.050279129814808
3.6497116826397518
3.949104633156008
11.663626719994381
5.1445265259717905
3.5642282185218206
1.0390473524894053
5.4592935998797945
5.146208588196617
5.331965516655637
12.535445279804238
11.67702027354037
9.660409105380255
7.961559518615701
7.618367930262096
5.726221398781085
6.585318497935202
0.5602197830085577
1.240453355704226
5.464123101511167
4.338418108810952
2.8338890022521364
1.2706409151735667
1.6927165739777807
1.7179578498796773
2.247058819488104
8.035527485409059
6.835812353331562
4.696709490421759
4.645091701277832
8.790047934276418
3.978511655364964
2.560783229965231
4.19577986106412
3.6302045080860776
1.334340627316575
1.116154941523212
5.239097023132726
12.324836949692642
8.797613099099909
5.672618327248692
6.366729485213911
2.1924269984929334
2.6508793560082946
2.480438498065014
4.4231732777625785
5.125997486513028
2.3964809792022916
4.801967027151515
5.0991871671309585
2.7160039649317915
1.4164805604600728
3.923020059927545
2.4193655266322187
3.34848150436584
3.6920464092247816
3.652321431462456
1.316396331483928
2.6229305393336104
5.045788855201446
9.43048453158026
9.255802475608329
7.295919273640592
7.269191522061684
9.901043760634696
5.650586187272521
7.575290851924188
2.0679663868874525
3.097436372431646
2.6724244750567427
7.648605410109157
8.996229990610662
3.0592832889817037
3.2205060045315843
0.49449267514064327
0.4655976545314079
1.0617812306902872
0.692585311076556
2.122702914454928
0.5308910097470502
3.2253910778859147
1.2518383526566965
1.5252597974583173
4.666291028225364
2.7634208308372084
8.972950043215985
0.9586001456642732
2.34756395808282
2.69368457834356
3.860193819601652
4.8028344039195225
5.946640300604047
0.8922195584209858
3.4205879564029122
2.545751908436661
2.716045466137552
5.279131305182443
1.2537517376900025
0.8895604184468244
2.3515065442623566
0.6983970911993398
38.75012658850949
3.6924687510716105
7.1458686067800565
0.6438278727000231
4.695144674509884
21.10594185091343
19.30862223338484
20.12082271236521
6.504126403130188
3.5730588246800923
4.730615174268679
2.2471371305749983
9.30121574104728
7.017646645403279
5.239155659419414
3.3296113087126358
11.031858641391445
10.35066670977891
9.647601650631227
8.449889866819397
9.709536006024047
9.911192786005538
8.88270367044903
4.2471742106593275
3.202635168508621
2.86126784084492
8.135569844652407
9.61299747222172
8.195385885993582
7.636798613703697
7.809926005067169
6.697117908635869
13.105744695219263
11.386233590774244
2.43360703236189
4.454998106841355
2.8688420880367755
2.987082709226434
2.7634717552208725
2.311864588052284
3.55431329497509
2.990098591366594
2.942283991881395
3.7467436126252696
1.9987386503868605
3.9120494077093158
7.2835189561933475
6.179708820114137
4.030937717397127
6.206524649409588
3.67671198550182
4.609285586777696
1.7563067364866454
0.40977150268300944
2.9250708429693315
1.4847201182139214
2.9102383739042508
4.9560969950732
3.374731778312461
0.5938880528704119
0.6972701585642045
4.570021342987501
3.572136553207001
3.0084336302758126
3.0444369319643854
1.4711426015167186
8.060139440903603
5.007474220494267
3.012845364142224
3.6272486860475515
9.873297645505874
6.3682619576777215
4.690771768623218
3.1854016601572726
6.641564751422663
3.4182568753396603
2.05555421063278
0.8895604184468244
6.053733999762731
2.6344630100506072
5.537019524482977
3.714821645117796
3.7774311585123757
1.037941810717749
3.3443088043344904
3.1731363445578795
1.758144428088448
1.8151628900537835
0.6812262186321139
2.1070074611174823
2.1108493425604893
1.445531779019215
3.306066664488645
2.1108498136048133
2.4194623648813836
2.091815982595665
0.48184408638040527
2.8570634823579235
1.1754641379943787
1.956031999720814
2.3386011840080068
3.232311499843437
0.9700828070854841
2.432207025458346
0.6972725657631256
3.214847130536159
2.5004099765223438
1.3486455106690307
3.1391653858390054
0.7233827522961477
3.1839322584410503
0.7357193624753442
0.49038121633505155
0.35393427189599397
0.8554335516398966
1.1235888361111799
1.085901536240895
2.4499389377767846
0.561794591302767
0.6582224641803431
11.821483040047289
10.05503873008071
8.123363334233451
6.305855413151865
4.630298117718682
2.885350863661783
3.06229958673827
1.244011946197165
1.3125860857754998
3.453453756465995
25.13326970928552
21.75919993797965
21.43970827644774
16.928150547810887
5.261285554609034
3.4002022169316994
12.18586637493116
3.197906409887574
8.047357015605316
5.0284314974548785
3.7579254380248828
6.318189005935501
6.88663881865851
3.3553236384003005
2.5291163990335646
2.2016647979039248
5.926304272163379
5.796275744029453
2.826826733517971
5.195389177769973
4.724369238979639
4.812994431066683
4.794375515243513
5.1316197891526185
5.108829806247003
5.2398777768920555
4.864003919796179
4.797303965225863
4.636989433716919
6.338491765507857
14.801193274079257
17.011753409841713
4.714436353981757
4.371431437050915
5.233697926296021
4.666778143740069
6.341826043883896
4.549888864523933
4.617159259462358
3.109804596278816
3.418453264198613
1.5506861156921183
0.8256305689951431
4.766845251210373
4.798302693706482
0.855439591679819
3.2835698278005756
0.261554387507875
2.559908954224869
2.742182164101782
2.372352731468741
26.073584217088246
2.454991969078586
0.30348409461556425
2.152697755444827
1.3146348623323676
1.2728871232940873
1.4711467670427298
2.780728440588494
2.1399509246462993
2.104779483793479
2.1165737669498004
1.4711472824387049
2.419501513721546
2.360324891946776
2.130572910448435
2.3569279928687674
4.867656579431689
1.2168304648382429
0.7846646589182276
1.6648351587352164
2.7257719337764605
2.577436266393598
2.3569292337083305
1.8262452462985115
0.6983994835601206
2.9979279923067397
1.6649032870198375
8.98489433357608
1.6558022893389674
1.8729985897580586
0.6671703136582874
2.7364899968552847
0.06883600039687467
1.1754830194091337
1.518468682725882
0.7571959037862144
2.045193921394641
1.550696954791879
1.34703807664155
1.4054351086097907
0.620421430327316
2.367535472965528
1.0613924922690845
1.7352093386443046
1.2293307152222934
1.186018754504385
1.9372173446072574
1.4699360939414274
0.9534723434821218
1.1162006427291167
3.2228176983009083
0.6983993983797311
0.3539372499357739
4.15645565162314
2.1124342518731805
1.2588466718915179
1.8718284566353398
0.9220871939880253
1.6854050006346484
0.23279979766222253
1.6854049289098867
3.1574232733329906
1.475944644851498
2.52357266412543
2.831497205322276
3.223140470967384
1.7373245677063565
3.3975355673064187
1.8173055836087322
3.436114567274904
1.989634805987192
1.76231032814493
1.7030666423588972
2.7782830314524527
2.873942642001369
1.9896347376392576
3.3975351105312064
3.46679009789653
2.692521307938571
2.634706050985479
4.6365918180668215
4.471554838564126
6.449941504503825
18.062751968954352
10.121322136812498
140.13539261866217
10.752680663992805
25.941079307267987
13.487807551871951
5.233702762742131
19.77452785085143
18.5385426471397
16.045983108521455
15.226573555445515
12.47748859063416
10.411746790706717
305.1223035894881
303.97935821154937
1083.1909167294143
460.52671046665847
83.43984135788787
81.78625282707321
191.9455428266112
144.64507656957903
265.19317856982474
8.297812227518612
9.786448629315258
7.785768268256907
5.5521961860510975
4.52385568763145
3.790994452977181
4.51196725970124
3.7470484063282923
3.2231386652938347
3.0117052246605667
3.560904000143858
3.8292227267404786
2.37134039314331
3.8599518495520573
8.452500381903265
7.616437774893716
7.887811414695035
8.841617941332583
8.25717639853184
8.554805258177641
8.549657602607647
8.36798953062518
8.616083383016715
2.454794831492621
4.822756385225764
9.143823924347734
10.36031761142612
2.9302726881077388
2.2485253404036833
1.680661152746224
2.136809898792014
3.590335858481185
961.8540681190924
754.0146701156159
728.0221107462669
7.09654033077048
0.7078749461377039
1.9466561937168334
0.8229810735042434
2.1112995240429626
1.2955721789911283
1.903895112077873
1.5815233013258256
1.1242648962690103
1.6520668261572513
1.2404558911774337
0.9132160103015539
1.2308691051542298
3.239280214568433
2.3720416496434398
1.2146412758285812
0.23279987021643767
1.7696902590655055
1.362887907251501
0.8334853631720603
0.7846653285921465
2.778291486998383
3.103315443214221
1.349760799827425
1.79319480955175
3.448992860187335
3.386550798542411
1.2728895868423034
1.2337546210195518
3.924266599004027
2.0951993808644147
0.06883640887869756
3.4808251724566666
5.757255275772069
3.4722677903717334
11.980325656707462
11.26671633798423
16.394767837734648
4.797321851077799
5.747919677892043
5.394495731113758
7.12464296226783
2.904500731973726
3.5580739332336573
6.044980593339814
2.810887281663678
3.945925109526643
7.168511212353006
5.425381688730069
2.3512740285281413
9.798023328083355
2.360325409085962
4.660063439917802
3.9628867050613077
4.802106125292307
4.974110955947315
2.6024838656968967
2.0117515780033433
2.7798763073810804
4.921400926366367
6.0684801907048636
8.022934623972736
10.585086917174957
5.842918755339033
17.904152747448236
3.3261201304723365
4.854029849624314
2.0918774167063203
644.7003356548528
530.0762293895698
7.773515989076727
5.3721756861527465
5.981581453084191
0.9154458054367963
2.271865549114958
1.175501126846615
2.0781789848366623
1.9274389083182508
1.2537551063468475
1.5808944849510524
1.0859177737862182
294.5201358182384
421.32012258832566
1040.9188380785033
2.784565957095366
2.9979692449115913
1.8612710543288673
2.967144829335716
5.805373893086705
4.641128412382718
11.57537809200263
4.943352131816714
5.8859281080123305
3.002881630276519
1.598801069111722
5.163996957118327
3.329705680935722
4.392610097478168
5.012349086178464
5.917358532773907
5.926102884634253
5.972285256229265
6.151684184255938
6.089044975329834
6.1013103637447665
8.268689215139235
7.543221249419746
6.712234206424457
6.493738968679857
4.859731437311675
2.0436820774572135
1.1070013422285219
0.9957262367626737
2.3412118621659626
9.546820495933943
2.4001791785550184
1.2440593542505536
2.2986834336668354
0.6538919518189865
2.2496068342062943
0.7653374560141456
1.216861038595632
0.9701246716054864
1.1140792751587947
1.0385393309450097
4.672156737331789
13.040810754625124
11.249522747264292
9.769531701104093
12.333544392721848
8.602199089907941
6.976319716253205
5.273777811054555
7.28308019212529
7.894356480916577
6.207845703240975
3.4600314688747105
6.575875339374408
3.3209382384085906
2.129497406688575
4.62533554082992
4.857997382255939
5.459692437238234
3.9268458728492313
4.570211399313006
3.090831051723441
4.343585358524847
6.583738390679991
3.5164176743153224
4.778262781835836
4.16217337054283
2.8182405173826126
5.486157460214987
2.651009331467354
1.4714725663679735
1.645983872812921
0.7507232980530155
2.0705738809219523
4.940637418929553
2.9945622346146448
3.0826087193957803
8.533303288931629
8.229927486445485
7.266255313167195
5.413197072135304
5.209682104439669
5.774077110139339
8.604165942652825
7.189821505325691
8.6874532478294
8.651048941864405
4.865040213259078
2.826902205671854
1.7844400100497957
1.606649305584982
15.07591738471805
12.471746772963575
10.223087139710307
3.6418887769608594
3.251000877086041
2.077108734121356
3.6400536800025547
2.2324638719665546
3.2014470128246204
6.887110183948178
8.322096733452689
10.280486059829345
9.735194607082567
5.677628761873715
6.447811074163781
4.569104526403446
7.12242173213514
5.683698608070161
6.1270551545645455
4.411826128603977
3.4822152723997184
4.245422635232807
4.31389246004991
3.0522210142057
2.7314150146268905
13.086327515655233
12.175141117306078
11.914464078171186
9.566560031892086
7.144596765506259
4.848250896837776
7.914133688391081
1.9507677512455164
7.805192139686902
1.4054748476895385
2.526157868821423
1.6735983734559425
6.06706133868274
2.7463559325707187
7.106849223229441
11.433697897923059
3.1976615682073866
12.877379452982325
12.41253334231625
13.750388963087616
13.42173659756348
13.191459886911709
4.464910779478019
8.340620136564958
9.133667453587359
5.757983085368886
6.500901811443907
3.6274193843044715
4.014366203519682
2.9850851665555997
13.078541482467415
6.999516293356162
2.271510649327229
2.4519271551997903
1.5253391799618927
2.5608053552034935
3.4532272993635664
5.115435603782256
2.2944205812847445
0.5624026406032289
1.9892530897727447
1.1770066893290907
4.210650172552828
2.552019820171014
1.2168630567162966
3.1256137025458752
5.510820966839617
6.342008027679049
6.336104926148172
7.935337937235301
6.381041669162114
6.760046701233916
4.507631217521784
4.603429089651694
2.429300562753592
1.6445566151720414
1.9466850961387065
1.967282385165199
3.663523012872063
1.233772711558807
1.0385339667506186
1.8264339686148041
1.572704949822006
0.8895604184468244
0.572767757102285
1.7907317424191136
0.9312010212589273
2.400171861886523
2.130573684943444
3.082590106405097
2.075889350287813
5.539824218717271
2.434447415415971
2.513004765210189
4.155615307204263
1.4520770750761098
0.9807688979142214
1.1860343919424607
1.2618014237269353
0.9957250984284356
1.191182716198674
0.6294378025161184
1.056241218740476
0.7891956065215134
1.515556389605307
12.786351159009754
5.594164594407628
2.322132011962411
2.4519230441967865
3.1745032631875874
3.4002361338829705
3.593239388718237
2.611922141973445
4.881099440441865
3.79257143164271
4.325472842850175
3.2521256425867664
5.1954669236675315
3.7925705481606773
2.8983085869219334
3.044527842412742
13.272849016242285
0.9538255323544876
15.207268482744093
14.003727880146867
4.448257148154463
4.168035912023026
2.6509894530396747
2.690785206361845
5.561021590320943
3.4667814472747076
2.1718422924487766
2.2474886267033596
1.4157688628863452
1.471526795799426
2.4344474369604048
2.4999810059303287
1.1107218585068739
1.826276715531082
1.7109247126699318
1.7529698912476477
2.2139966432307294
1.4211762920985014
3.5789447771438345
1.3497819285422887
1.0218409097064594
2.4279002392820668
2.6119200285625634
3.236391057244445
41.849502693135456
38.67447183970221
34.91212873923561
32.5832168765809
30.905838000800347
32.27270860837362
30.430186248599135
8.982717360585172
7.5560801157537325
4.471470737066977
5.853677538338218
7.353178740330696
7.7744668197014635
10.1934872325616
2.4337054075142546
2.039649005298892
0.6984006773845755
2.139956844409499
2.1539444454856356
1.9688991479557467
2.902690000269095
1.5014406158526903
1.4714610510079504
3.546833518484839
2.2845405424058267
1.614275938808994
0.42773078531800474
0.9550397969803689
0.8948866498420165
0.8334996828406661
0.9154473391313133
0.7078838530539114
1.950765345191722
1.7910662553656018
1.9102648275186496
2.140558692381029
3.964170163787837
3.1392598312053877
9.267001314837536
8.931739500822145
11.360406600958552
13.519919858151173
12.10152161767012
2.591181310981281
6.689885151818936
8.487276561564027
6.857095621433018
8.165299493806332
1.9069556534797878
5.682633594773743
5.394691852858506
2.7095292847326173
6.694472495483864
4.869182295695037
7.454341628507334
2.6672264318796106
1.0851017899176594
3.792558776596247
8.87803398646811
7.626589483848552
8.881514283762662
10.285225513253192
6.567227468578805
8.398894929084648
7.293009942264387
6.322284237213882
11.101131777801742
8.600599571493248
7.074572245796866
7.06595980900101
1.1247949759498101
1.735221091079702
3.8665645285148518
3.8138979536948803
1.371094085657435
3.1215253972202657
4.672761031173502
1.6179953031488838
1.9616632898962343
0.6538876632113512
1.0101807719804818
1.6318461065936787
1.1140791603624105
0.7649312530603776
1.7311145778330022
3.8152909978797607
6.396948703010121
0.9001507185972775
0.9001507106716534
12.935110364889036
14.662737410284944
16.551826756162782
18.971596182645836
20.589646029453892
20.382800942744833
3.184173698599956
4.2879681503082
2.7790752100205145
2.741562147454916
1.032536485218766
1.2118637233307235
3.4366014406066134
3.197909131064937
1.3125960982733462
1.484737952952995
0.9700924945534062
0.5860526161446584
0.4690815006820562
0.6972786900125959
0.409775061130725
3.2043684276848787
1.011679641825757
0.7626491321343909
2.9440636510665703
0.6204205306114047
2.721178945846438
3.932584979363828
2.294776353270125
2.860409975842908
4.060648022019118
5.580976050850192
6.966169080656146
5.593770255478183
5.575482073441948
2.7831664447178377
3.5044579965955043
3.133257962232766
4.155568451630105
5.145675951232263
8.212451782459643
10.769950495893864
12.597724873555078
14.020030471443832
4.018282985122663
4.506313974246239
3.174499042830285
5.150044687078892
4.466709011786512
3.346517727261698
4.22150243401249
1.3424909997694414
2.475217188178024
1.3413930713445614
2.249574356228329
1.037942215465583
1.7001009059991106
1.270646344677019
2.1217910310555554
1.8264306805804016
1.0850767282688234
0.7036188271584256
0.5727666154765757
1.8415741540504071
0.4500752249110504
1.287677866021037
3.6526384930065627
4.270474924552593
1.7351875719716874
0.8274114003161762
2.762370029250818
0.6972740556019624
1.5184483839240235
4.047794973141504
5.934110519442976
4.473676618061673
6.071690955500731
4.591839270438373
2.7662262774281072
1.2518730600071581
0.7357194742662438
0.6972733333585237
0.3608768237497162
1.4682052255041789
2.519535124821574
0.49450858079796195
0.1376699340534464
0.5623928431391354
0.23279950404865113
2.233020255872899
1.702002041520771
0.6812262599064947
2.5195336754056785
2.9978886563001343
1.3077684712504882
3.311550599657325
4.101006402155987
1.8308756909157664
0.4097723795935155
5.638334558082484
3.1854047752791184
6.58220901698703
0.8922196902372171
3.438258077387115
2.5453704796508854
1.4602114618484643
2.556304041746953
1.3580487023045766
0.8260179216833099
0.8781546118272915
1.376696292269664
1.1701917188685975
1.1140790801747111
0.6438367064284989
5.471190059633402
2.4703837784306693
2.351273139661705
3.1029630092275746
2.758049232158041
2.774019531003957
2.3713392270526734
23.93925638360456
21.47098713566964
2.9139671282030966
2.4472594087558166
13.686878615039571
12.403733360775412
9.963671639959715
7.565240501859197
5.261252137207008
3.0505729921308053
1.4715246557413482
2.814714436782295
4.687346279236565
1.6105856451704443
1.3146320318077696
1.5252860280780813
1.254924188245692
1.9516355492705
1.3114901689942082
2.3205150674576966
2.0781466342311163
2.586077460562614
1.124244717671356
2.98708753422937
2.2528355978707775
2.119544458412353
0.970078843230296
6.675904996286212
1.4072296940990132
2.8253652551300927
5.5377091462240084
5.399277382234548
3.027776018466071
3.7329732721056508
2.235738726928437
2.9940002154457175
3.291091016781581
4.90170157177545
2.8931860116815775
10.890844633641402
5.841901053222224
3.2918421546248338
1.3811703237792186
5.885693788810523
5.666100414608078
7.570593882320217
6.567043050074718
6.341736163175666
6.1193139069310085
5.854871760819362
6.856060528277537
6.151456735751472
7.309272212860556
5.129161652146607
6.145389425823595
5.856982083326158
5.2612067992016485
6.510410187082997
7.944739418970619
5.856974825364518
37.831149856488686
5.443124335073688
6.887396537373458
4.9859687382725255
4.934869097520357
7.825252363400649
3.3864315834052765
3.3274995186950482
4.389633994679485
3.7329254930994957
5.050425562412105
3.1054826697348523
4.221635820173496
3.682404228358612
4.120850570502415
5.294210901532678
4.029829424040366
5.041351078438281
1.0613589749357248
7.223419818237846
2.2068226466588547
4.937816804152072
8.511598807478531
8.00248918134214
10.156437174981502
16.522258514183775
12.725755257482538
13.224091380814096
10.605347101435854
19.298839086560037
18.53719642626076
19.866338441586965
19.45452510372825
19.08380799451263
9.61815323770853
12.284741215606331
8.149841157023122
9.732839743561533
3.818620951201939
4.858486556718481
3.2636570140322188
1.5237231814900993
1.831738680260827
1.0561686045074143
1.0218379987049824
0.8510586958399166
1.1455308124477301
3.362552804602528
2.8417995503361086
2.2601731695250202
2.9204210360551546
4.003613632715185
0.9947987156009813
0.7357083496268165
3.6629495094431075
3.9963895109825605
3.8670712950518915
4.167890048124079
3.8004610513889507
0.9585972901187887
1.7166318379791503
3.0794622519082466
2.1195204965777297
2.1700803802130335
3.586196487062749
0.7233600687782363
3.4806634922113613
0.9956753309847306
1.9992394149468848
8.53813669562589
0.43253416927587746
1.6417296920045685
3.2522835846435085
2.8569698394479563
1.4071968427162629
0.8256266673765018
3.7555024143531486
3.708629243104742
1.1247709388648364
2.271341664601922
2.382197480610407
1.0462048483302124
1.8762620705776818
1.3452591468619568
2.0785524876926145
1.114078939717785
2.224865635883501
1.4711342904005416
2.9848981833689217
2.3410834216573897
3.9355541435337766
0.9807561009645577
7.288954709495697
138.90665080775065
9.106142529291773
12.1433573351098
11.402745069978625
11.485686122561209
11.865238862987372
68.69611218663803
62.354200399456104
64.67893415465802
6.84139966697378
3.9438766552642983
2.353956851158059
2.1626648476610018
4.014346808850463
3.2780833816813115
2.171631692033674
3.544626943213382
4.307239438136733
4.281840532995403
3.9599198028345266
2.9065517152086664
4.022403077630504
5.1038626139013115
5.493784006610024
6.413134147379826
5.025551789538528
5.968763263417197
6.8569225998859356
15.858973844235257
5.797721541025067
6.0934560846455685
6.124402549480522
7.382650041936086
6.358523481211739
8.79801912961839
9.757205579482854
12.61754697693369
8.217453786975515
8.928202967464872
7.9280837105220865
6.282599841248152
7.273356631763594
6.358514422704176
7.050085789100116
6.703874268062567
11.921433166500957
14.565714821816368
16.097076738290962
8.866951328289714
17.137866021155205
22.687549829639934
13.856223391661871
7.31211616707752
6.271375086712402
5.3502060284207325
4.638192049569784
5.145501095280582
4.994295740367071
5.623801433995806
5.10508761845239
5.921376600005909
4.804324274599579
5.712146406226337
5.279046745131333
5.174247765380102
5.5819392944951565
4.983960111489566
5.321612900439213
5.410324124051908
4.354982179996133
8.466224369311064
11.15551671965521
407.63914374311724
5.326031567469756
2.634557337282525
1.5650121346984691
2.0628888428997985
2.548777616424476
6.3772733147243335
4.2967158864082595
9.538381592634359
1.774720554640138
0.939339517588041
0.7814027443888244
1.5183424731081763
1.9314163822791492
3.929620606894257
0.5230974987184808
1.1125095410962842
0.7891174430389083
4.527428889847981
2.0569953444160793
1.2706395500868273
1.7361216408283238
3.1256109372411953
5.569042530916362
2.906517594773846
1.7301113631824594
5.855850128638661
2.3971621886873815
4.341197117416322
3.583039521798345
3.1407316229636977
3.120301345730793
3.937765368772034
4.047523577259183
1.8623843721917994
3.1681320540903743
0.9538117982869625
2.179594711762863
2.1405526834347866
4.371425963482475
5.284094583953381
2.8943468816401507
2.7248970041544793
3.0093590132054344
4.4279576137379415
6.192382287292686
4.160591703599219
3.4597511155060636
2.774005018411907
2.886983462133348
3.1990432686518333
3.490749742583951
3.9125172298388797
3.5150939210245746
3.328755993844979
4.7446570906710175
3.7378319256515806
3.332586638265189
3.252003653456389
4.769057306883703
6.426332669306519
3.9647898209749477
5.529050888719746
4.541245226374577
6.501277555967866
10.648287446215706
0.1376593988789345
0.46905041953561316
3.0246176372791194
1.0561249764223153
201.32108675871274
202.06087627181512
3.650179516729436
514.0492106977721
0.4903744725995177
0.9992347734967316
0.4655958552741836
0.5306557436138535
0.6707113658457623
0.6194657447562778
1.669345359227836
1.0582763933297643
0.8907738322745478
2.3514808357302823
3.65472951282744
5.450647031189961
1.514245205495154
0.6293642448789395
1.5567307321051118
7.715657880630905
5.4270722910675815
3.420500411548066
3.2937979387462186
1.6647416837088187
1.8317222013283045
0.29692305029585664
0.7626015619616765
3.505520625922874
4.570818947234822
3.197217909794347
2.048735383487802
1.0031195928901107
2.561188257501984
1.485936854504492
3.15051974777854
1.0101787255950705
2.6907794905307205
2.780728262499443
4.225972531607309
2.7118242664810985
0.3608718943154916
5.033982392183413
3.6867758480138555
1.4715199748886443
1.5582515589709065
1.2231455745686446
3.0962593008430175
1.3944145097300842
2.260130652812513
3.7677552610319553
2.930942252461369
0.8273420804649235
1.9914512292286881
2.3409755548075855
3.222217818771571
1.594315910052583
2.001510940267538
3.783137037033727
2.165228869595784
1.4711170175202615
1.297567054779251
1.110692705661315
2.8010969768101144
1.2308672491172952
1.629581760227416
1.831716518533495
3.831123211624195
2.6818250827785914
0.9016429762293505
2.1217434746412707
2.351269827114374
3.4222406538171404
5.48333868451396
4.414112024442911
5.659765434230142
0.6538646858587529
1.2145919139729304
1.9068660187523336
0.4903716472853377
0.8780839345206927
2.3442074533800072
0.9380757815433084
3.01486296559083
0.36165465579442063
4.727744737113342
0.7824884818212908
2.400966664772954
2.458438332131828
6.371909223798124
5.304650249513174
9.629672037973926
14.642334462341559
15.75985498502443
12.69546720403574
1.3264865753458297
2.4656120359647415
2.04417507035876
2.167576845865206
2.6766572106156707
2.81792574954407
3.290760298153238
1.046180242101995
1.176952711361637
1.4520750090008063
1.3114077733326206
2.956687161968076
1.163985117454144
0.7824847229961609
1.1422282030761735
1.3624457074481835
4.105655075034741
2.044168574248642
40.29946352576902
42.19970450185325
42.19970450185325
9.169683721340823
4.411509861765694
1.558251463805604
12.68718854342731
12.031411978030732
8.8962076803046
10.06744749174021
11.92606431633186
13.711013717014161
2.9927555774612227
2.167558720726418
3.533756570407982
5.353924897300438
1.7409412223754863
2.036288691778594
1.0582705308997788
1.687094903282935
3.6873802532172553
5.3620507895580385
10.95493674960255
11.53328409526732
7.760026646147586
6.4149695436423295
10.164895713854337
10.383762980679572
10.075850189748577
12.637499141563344
8.440290969657294
1.3812565681476914
0.9991864035980594
3.302468783770075
1.4623425663363148
2.503440355786434
2.484664563107804
4.277353496643054
7.561576786745233
5.899764456337224
1.6693451796010408
0.36164474977053507
3.0406762074904816
0.6293273695421684
7.506920846031101
5.659707082295217
6.47721221938949
3.6720176193887255
2.4158560280580623
0.9392918391231878
5.337692638320647
4.296945693751208
6.059167048195892
11.686960665355885
8.472053468547056
9.501907060417922
13.92817300572054
5.235400133751239
16.881114706060874
15.280223985664477
16.79646557704717
16.89796858787482
15.609844806642844
13.519694449862032
17.289660620823255
17.438426461878247
20.198578810702102
21.949633480544723
2.252070739281476
0.4447802081624264
0.7651890734643629
0.6204005408980521
2.415854307343115
0.45007354846729075
1.163981517447037
2.4773024546408933
1.7695014210439275
1.34239444138458
2.6433649035097355
1.4495745215333316
3.4818309183932987
3.5061521096832777
0.8780508284207582
2.0448505359024014
14.296778546875466
15.590304014344285
4.713167880850712
5.5986890684104065
5.398839488002269
4.9747959480705015
3.7429963302730735
4.565323462664031
6.313495348502457
6.257358560944396
5.951943453691211
7.9586534709976124
9.886301763426562
8.020122953561412
5.927436250185531
0.20647026749709174
6.00492723482537
6.689098655670391
7.458193748021684
13.295477473900064
14.963467053009476
14.969655614195602
3.1134614649175476
1.5567307321051118
1.955706802269805
11.119044399497495
1.7024605804798942
1.790530577492466
0.9947448742802106
1.7746386005318724
2.0448245618986394
3.5910416518201087
3.7565799230981956
4.390879007838392
2.861396412505688
2.8723924195143575
2.3450687919604842
16.474271417704898
13.24234771228838
11.942217658070597
6.244936202845083
9.849837433696152
8.295087092031702
5.995896716550578
3.1287893406891483
4.727246068693032
4.659121964693718
7.348516656815762
2.704724457131239
6.410248147212878
6.922166339208707
14.154940164337003
5.676486912107321
14.616969979720349
14.00671074536327
7.9643895070163255
7.401397797091177
6.6539487574435485
6.11118145303729
6.479289673770875
7.363461191816328
7.365818731768836
6.771815151335925
7.057816075939673
7.374455819429667
5.713301678493724
5.006658740870623
1.2616566576041843
2.526067382866025
3.7428992348484096
3.9350662018932696
6.234803938262331
5.931366153095054
5.827756101171691
2.6010197084001927
42.87703011384736
43.03016154262251
41.25058512035049
42.22046872986943
41.56751299407714
43.04804177611593
10.577868176806906
13.346245670430273
191.70801888918552
190.1894160938021
2.6343158897454098
5.212753962311846
6.035742486296319
14.923385392953568
6.402204672525851
3.335728270390304
4.1279557771550675
1.0848766360149917
3.1018147095307116
5.4489921865949045
2.0676230559212745
1.3627151133017266
3.0591797312906994
1.998902309950132
1.5726459551705463
2.213468845445355
0.3608660475115833
2.0062380907721975
1.1123957553400468
2.604760087719842
3.7822970644267833
4.608378511724672
0.13764139096104816
2.2819442683648377
2.3751353582473658
3.0588068792614393
3.417678211030741
3.442823098724477
4.244563288111064
2.617541410900679
0.9001459727348448
2.4462911505519367
7.50402687418753
6.01147789292118
1.9262091692878158
1.5582512084784197
2.320251732092949
4.703955819055842
2.9900156233065354
4.726999068851995
2.8213097783677177
2.8372814273600375
3.121289172149645
2.3962759037395203
5.682616587271491
2.631420326812254
1.703051087123398
3.030850634398358
3.859470170563298
1.7564445738893368
1.6317664631530135
1.687046380849368
0.8946673369492953
0.5230772349135453
1.1725059207079769
1.7372055543989497
2.1526803350928447
1.8201654046699491
1.307591736933445
1.9988934382371375
2.9096523316620333
0.7846160434119235
1.1505510489983681
1.5867762686503026
1.3808980338517138
1.9776451428582744
2.3407912874524306
3.639291253873701
1.6458365782231152
1.8413588696704486
2.4276278097012285
0.8811125307497177
0.7570284047763179
2.632319976526498
2.640311803566992
2.3407932850582354
1.6646307703390262
0.692542731059818
1.6005479463558319
4.182415452774779
2.070258782961318
2.252631744278791
2.0330318023181193
7.1959824143983235
4.814508326862186
6.126568413535895
6.658529778253658
7.868094881332575
3.8238970606383287
3.538904995008502
5.243602335833578
0.593072840545726
3.734447938226288
3.257381244424598
1.9914090731070897
3.2039864299907443
0.9001461272767833
0.5930728994443241
4.449593111974835
2.122405157528949
2.248114621109992
2.3997474346586007
1.5867853968882057
1.2975147086386132
1.5649080853251014
2.662687831071214
4.291300293465048
2.091409116426967
7.703262728074164
0.9585154786579149
0.9219012008700195
0.825611539793927
1.7813654603539069
6.636736393547442
6.149674486653178
3.485650994753185
3.9243923349444314
3.129822932270486
2.0914169718532136
6.494485702248654
7.160594387814909
7.319723917092177
7.68473279496049
6.805467041756402
5.82119347702442
4.3753019768446535
3.9338202298203817
5.243650246955899
3.7296758235645058
3.912289026598282
3.515078052842818
23.757019743476977
8.594798627546961
6.742724895628746
19.088823840340265
7.365150284705055
3.1384805397133824
3.6720173924318447
6.335258324656963
4.135307986501909
4.1996195161817145
3.3624486538466383
3.9876279435847723
2.1363829019098657
1.4452659438243054
5.681378340821525
2.5906079898599867
3.639358114986792
1.59182839815822
1.1204374273448536
3.1747945126391777
0.36086722779611435
0.7035181186974737
1.6005637403427742
1.08260189006849
0.8052835004652196
0.8323272234138278
1.5808843468614104
1.124078666261826
3.027561595159046
0.7846223826320274
1.03899406040711
3.6886597338203373
3.816714554806042
3.6241883458890314
1.5628041699865172
1.124081542809524
6.789990758015151
5.829107886087644
6.3353054668237885
8.643354150423637
7.284430060811319
6.099174429642714
3.732439398826329
7.007518316048268
6.8471276913165084
