1024_5m/000002.png 37.391749736271876 126.64444225119132 302.70139687803436
1024_5m/000003.png 37.39177393353414 126.64439672816717 304.2210982831529
1024_5m/000004.png 37.39179929735573 126.64435190497713 305.24669270146103
1024_5m/000005.png 37.39182494620617 126.64430637062921 304.1422103068131
1024_5m/000006.png 37.39184982830361 126.64426018073068 302.89835219784
1024_5m/000007.png 37.39187439849188 126.6442123765977 301.71146219631856
1024_5m/000008.png 37.3918972784054 126.64416602333934 301.05180955817934
1024_5m/000009.png 37.39192060844457 126.64411811748639 301.2386333184117
1024_5m/000010.png 37.391943751641186 126.644071286287 301.62853411116464
1024_5m/000011.png 37.39196703436895 126.6440248154989 301.98617644340845
1024_5m/000012.png 37.39199083296767 126.64397720379431 301.4781024603889
1024_5m/000013.png 37.39201403995748 126.64392929554174 300.32961136227965
1024_5m/000014.png 37.39203631222557 126.64388177402962 299.63527511940765
1024_5m/000015.png 37.392058363119176 126.64383378966433 299.5190716296716
1024_5m/000016.png 37.39208052647296 126.64378621634577 300.74955870101525
1024_5m/000017.png 37.39210442480367 126.64373887606408 303.38173753698476
1024_5m/000018.png 37.39212982605609 126.64369270208974 305.108865120299
1024_5m/000019.png 37.392156197627756 126.64364698550405 305.76184936918565
1024_5m/000020.png 37.392182091937364 126.64360236764732 306.2359433742282
1024_5m/000021.png 37.39220878025566 126.6435581859886 307.33242291519986
1024_5m/000022.png 37.39223612159357 126.6435138521292 307.29476416740596
1024_5m/000023.png 37.3922637887377 126.64346889862861 307.483644988818
1024_5m/000024.png 37.392290315875805 126.64342619360416 307.6549215226183
1024_5m/000025.png 37.39231798666873 126.64338199496048 307.78923011923604
1024_5m/000026.png 37.392345305633754 126.64333829233524 307.64871921701416
1024_5m/000027.png 37.3923720429931 126.64329487311059 307.39482553883573
1024_5m/000028.png 37.39239846050159 126.64325134833007 307.15612312757594
1024_5m/000029.png 37.392424004810955 126.6432090118508 307.1143933035322
1024_5m/000030.png 37.39245041104731 126.64316573929213 307.2893980718138
1024_5m/000031.png 37.39247689756404 126.64312263506042 307.3253336981803
1024_5m/000032.png 37.39250352608341 126.6430789946097 307.44147648743535
1024_5m/000033.png 37.39252995852223 126.64303577543504 307.5287369443999
1024_5m/000034.png 37.39255665761655 126.64299274343632 307.5580887988936
1024_5m/000035.png 37.39258364188978 126.64294877001072 307.44851018047245
1024_5m/000036.png 37.39261022619812 126.64290519653782 307.47568511523076
1024_5m/000037.png 37.392636852014 126.64286192527564 307.47950402635325
1024_5m/000038.png 37.39266387607662 126.64281825987835 307.3401118913005
1024_5m/000039.png 37.392690383360254 126.6427749616651 307.2018874069845
1024_5m/000040.png 37.39271719426621 126.64273129681368 307.26734185542347
1024_5m/000041.png 37.392743599341706 126.64268814634585 307.1672942565742
1024_5m/000042.png 37.39277001787506 126.64264494972804 307.2771236656873
1024_5m/000043.png 37.39279643268958 126.64260190831928 307.26269363630496
1024_5m/000044.png 37.39282288209401 126.64255840759942 307.2222534799016
1024_5m/000045.png 37.392848631774264 126.64251600366521 307.83301162458764
1024_5m/000046.png 37.39287541737909 126.64247341489124 307.551398232917
1024_5m/000047.png 37.392902416749195 126.64242998322759 307.38498752832754
1024_5m/000048.png 37.39292897160997 126.64238688946108 307.18415972267553
1024_5m/000049.png 37.392955478470505 126.642343484126 307.1761846487843
1024_5m/000050.png 37.39298218537249 126.64229978773461 307.0800311889703
1024_5m/000051.png 37.393010898980584 126.64225249455784 307.0984838397297
1024_5m/000052.png 37.39303752538506 126.64220880411543 307.199921174388
1024_5m/000053.png 37.393064948118784 126.64216401643397 307.3189717529018
1024_5m/000054.png 37.393091756214126 126.64212009065365 307.3505831614007
1024_5m/000055.png 37.39311883065666 126.6420758935577 307.38176580733233
1024_5m/000056.png 37.393146059648586 126.64203165290549 307.56197697864155
1024_5m/000057.png 37.393173299387094 126.641987665381 307.58596623943475
1024_5m/000058.png 37.39320146639629 126.64194217928734 307.47969294032134
1024_5m/000059.png 37.39322925962844 126.64189700779738 307.29931428863523
1024_5m/000060.png 37.393255345574914 126.64185429390749 307.2734513167868
1024_5m/000061.png 37.393282097028 126.6418105465263 307.3316506308387
1024_5m/000062.png 37.39330938472856 126.64176611924273 307.3795296449284
1024_5m/000063.png 37.393336929202725 126.64172132281904 307.3956030048727
1024_5m/000064.png 37.39336450396396 126.64167631279193 307.30038440099025
1024_5m/000065.png 37.39339203173126 126.64163115193502 307.2241989062531
1024_5m/000066.png 37.393420809875494 126.64158388657668 307.3305493001192
1024_5m/000067.png 37.39344841245962 126.64153880854029 307.45672623265085
1024_5m/000068.png 37.39347484460217 126.64149587739489 307.5701285547671
1024_5m/000069.png 37.3935027037023 126.64145106516284 307.5814126723044
1024_5m/000070.png 37.39353559152308 126.64139799517079 307.49174310083305
1024_5m/000071.png 37.393563332849425 126.64135281719051 307.36985105494597
1024_5m/000072.png 37.39359098408721 126.64130757983631 307.3430694543645
1024_5m/000073.png 37.39361863761136 126.64126240564048 307.4266872550413
1024_5m/000074.png 37.393646366172035 126.6412172878562 307.5215520147123
1024_5m/000075.png 37.39367419749178 126.64117216688292 307.452503962828
1024_5m/000076.png 37.39370201984482 126.64112696213228 307.37433281598305
1024_5m/000077.png 37.393729807661614 126.64108171473464 307.3142869390899
1024_5m/000078.png 37.39375748492417 126.64103643051999 307.39145671957345
1024_5m/000079.png 37.39378521954959 126.64099117840547 307.4683017763261
1024_5m/000080.png 37.39381171198191 126.64094810671023 307.5307077250227
1024_5m/000081.png 37.39383819599395 126.64090510072018 307.52504990977474
1024_5m/000082.png 37.39386468414968 126.64086207477567 307.4640425677139
1024_5m/000083.png 37.393893691721125 126.64081488143643 307.41724185401864
1024_5m/000084.png 37.39392142989665 126.6407697555631 307.49572064951263
1024_5m/000085.png 37.39394923771668 126.64072477032273 307.59032331853734
1024_5m/000086.png 37.393982151739344 126.64067161786795 307.495412958366
1024_5m/000087.png 37.39400860155946 126.64062872600113 307.36614647161275
1024_5m/000088.png 37.39403590714969 126.64058418972523 307.2759468103574
1024_5m/000089.png 37.39406336837444 126.6405394531353 307.3052074629249
1024_5m/000090.png 37.394090936787855 126.64049451374889 307.35608185274623
1024_5m/000091.png 37.39411735403247 126.64045156711965 307.30810651077155
1024_5m/000092.png 37.39414378335317 126.6404085314227 307.2140355638251
1024_5m/000093.png 37.394171382150866 126.64036338952019 307.1655684629368
1024_5m/000094.png 37.39419887051706 126.6403182180371 307.22918331497164
1024_5m/000095.png 37.3942264224341 126.64027310045142 307.3374159811415
1024_5m/000096.png 37.39425405505507 126.64022815917302 307.4733531051707
1024_5m/000097.png 37.39428177414492 126.6401833086024 307.4960800703487
1024_5m/000098.png 37.39430946113016 126.64013828007607 307.41320154134314
1024_5m/000099.png 37.39433710424065 126.64009312792636 307.311783664641
1024_5m/000100.png 37.39436466315483 126.64004793687535 307.36548876747867
1024_5m/000101.png 37.39439227293854 126.64000284614889 307.4944982297094
1024_5m/000102.png 37.39441997538024 126.63995784306847 307.58902345531885
1024_5m/000103.png 37.394447778216055 126.63991293431698 307.50594103132585
1024_5m/000104.png 37.3944755402607 126.63986796240913 307.3841089499372
1024_5m/000105.png 37.39450191877278 126.6398249017718 307.27213959402775
1024_5m/000106.png 37.3945295382669 126.63977975779848 307.3133887220685
1024_5m/000107.png 37.39455722283696 126.63973470327342 307.46460836956174
1024_5m/000108.png 37.39458500079764 126.63968973774399 307.4882884208396
1024_5m/000109.png 37.394612777322095 126.63964473848719 307.4122435182062
1024_5m/000110.png 37.39464045686353 126.63959961125688 307.3359027469197
1024_5m/000111.png 37.39466808998198 126.63955447548769 307.3304640299668
1024_5m/000112.png 37.39469572796408 126.63950935739018 307.45268398362026
1024_5m/000113.png 37.39472343625101 126.63946430031474 307.4771608060477
1024_5m/000114.png 37.39475107926356 126.63941935727009 307.4235659142844
1024_5m/000115.png 37.39477868447055 126.63937441736837 307.36732410368455
1024_5m/000116.png 37.39480632389704 126.63932949833708 307.3988154570627
1024_5m/000117.png 37.39483383348955 126.639285074832 307.47395088070164
1024_5m/000118.png 37.39486195129175 126.63923969058779 307.4286906739066
1024_5m/000119.png 37.39488899664366 126.63919553646595 307.2878214484515
1024_5m/000120.png 37.39491622502671 126.63915079712665 307.15681672337826
1024_5m/000121.png 37.39494271712608 126.63910724837902 307.0131656587788
1024_5m/000122.png 37.39496996175325 126.6390622742277 307.09286049319843
1024_5m/000123.png 37.394998031912976 126.6390160997874 307.0413328290501
1024_5m/000124.png 37.39502578053865 126.63897040853821 307.2778027947546
1024_5m/000125.png 37.39505346523284 126.63892569687394 307.6249133491385
1024_5m/000126.png 37.39508080992891 126.63888221014716 308.0843356545236
1024_5m/000127.png 37.39510863952695 126.63883875777094 308.71900017047614
1024_5m/000128.png 37.395137849320385 126.63879402274934 309.27895603748186
1024_5m/000129.png 37.395167471961024 126.63874963537668 309.7660190302516
1024_5m/000130.png 37.39519645298295 126.63870697307911 310.37122886741304
1024_5m/000131.png 37.39522592841018 126.6386643990371 310.66138175924846
1024_5m/000132.png 37.39525558509964 126.63862181783982 310.85236033306825
1024_5m/000133.png 37.395285414561194 126.63857918094169 310.918032884947
1024_5m/000134.png 37.39531539015827 126.63853630767022 310.91342756470885
1024_5m/000135.png 37.395345388054785 126.63849339922425 310.84734430372777
1024_5m/000136.png 37.395375260720336 126.63845048485265 310.72772121419405
1024_5m/000137.png 37.39540503184048 126.63840748418531 310.58309993282086
1024_5m/000138.png 37.39543469247393 126.63836446165816 310.4191471853183
1024_5m/000139.png 37.39547099032186 126.63831156974149 310.3455599403674
1024_5m/000140.png 37.39550059093613 126.63826847298716 310.36322185524267
1024_5m/000141.png 37.39553020394939 126.63822538148956 310.42901300636805
1024_5m/000142.png 37.39555817522978 126.63818471633321 310.38845798159815
1024_5m/000143.png 37.3955926023547 126.63813412756836 310.3223176016599
1024_5m/000144.png 37.39562241775192 126.63809025893862 310.3379297470446
1024_5m/000145.png 37.3956516170514 126.638047604226 310.5393480194742
1024_5m/000146.png 37.39567979781387 126.63800674507237 310.64688243590973
1024_5m/000147.png 37.395708930821094 126.63796436786703 310.44138638658524
1024_5m/000148.png 37.395737347941285 126.63792287273857 310.32870244692134
1024_5m/000149.png 37.395765708119434 126.63788142221793 310.1231023389359
1024_5m/000150.png 37.395794309741184 126.63783921878031 310.10927241885753
1024_5m/000151.png 37.39582196101555 126.63779847769585 310.2876207674987
1024_5m/000152.png 37.39585026181844 126.63775700292615 310.3610700446027
1024_5m/000153.png 37.395879472825804 126.63771449188826 310.3984451625877
1024_5m/000154.png 37.395908913246274 126.63767170527277 310.5091858269063
1024_5m/000155.png 37.39593825854738 126.63762938974955 310.4481076975773
1024_5m/000156.png 37.39596695055175 126.63758780193616 310.4256221166729
1024_5m/000157.png 37.3959958734437 126.63754583620222 310.4210842071821
1024_5m/000158.png 37.39602482873031 126.63750374970395 310.4319191625084
1024_5m/000159.png 37.39605375788144 126.63746180646856 310.46877904519937
1024_5m/000160.png 37.39608374838445 126.63741844545768 310.4505232706866
1024_5m/000161.png 37.396114546801094 126.6373735279891 310.1982960153339
1024_5m/000162.png 37.39614348096772 126.63733076944273 310.09826994522115
1024_5m/000163.png 37.39617322525521 126.63728694435576 310.202709097745
1024_5m/000164.png 37.39620235444264 126.6372443394672 310.3821934156055
1024_5m/000165.png 37.39623171052513 126.63720144499302 310.44670273408025
1024_5m/000166.png 37.396260998828936 126.6371583820659 310.42096752930365
1024_5m/000167.png 37.396290381183135 126.63711513276422 310.5028136078092
1024_5m/000168.png 37.39631974556997 126.63707187528112 310.63846236695804
1024_5m/000169.png 37.39634783457983 126.6370306753841 310.6849563974005
1024_5m/000170.png 37.39637727099028 126.63698743329638 310.7028432602892
1024_5m/000171.png 37.39640669296256 126.63694409570834 310.7197134391061
1024_5m/000172.png 37.39643618916444 126.63690083171552 310.87029038945946
1024_5m/000173.png 37.396465931754214 126.63685791896384 311.0593639108645
1024_5m/000174.png 37.39649574280337 126.63681513046089 311.04293149310416
1024_5m/000175.png 37.39652425011569 126.63677422304418 310.8970402882547
1024_5m/000176.png 37.396554070343576 126.63673123306495 310.69139091182166
1024_5m/000177.png 37.39658378347794 126.63668805948375 310.5022863677596
1024_5m/000178.png 37.396613432578945 126.63664475060665 310.4387377338015
1024_5m/000179.png 37.396643065832166 126.63660143557003 310.4693371077872
1024_5m/000180.png 37.39667269466875 126.63655817583103 310.50512037884283
1024_5m/000181.png 37.396702084664526 126.63651534945735 310.5610987051708
1024_5m/000182.png 37.39673217648437 126.6364715925129 310.58650285347153
1024_5m/000183.png 37.396761557389475 126.63642876957427 310.51015151937787
1024_5m/000184.png 37.39679146447279 126.63638510371386 310.43025633371866
1024_5m/000185.png 37.39682058196534 126.63634251639509 310.4249713827001
1024_5m/000186.png 37.396850172104315 126.63629941494135 310.4964853294706
1024_5m/000187.png 37.396880116587866 126.63625594019302 310.56226705975087
1024_5m/000188.png 37.39690920811951 126.63621386406844 310.63600351720424
1024_5m/000189.png 37.39693872079977 126.63617123639337 310.53120662391444
1024_5m/000190.png 37.39696791099513 126.63612857090266 310.0754970455861
1024_5m/000191.png 37.39699528383008 126.63608734051427 308.5331959461971
1024_5m/000192.png 37.39702335790815 126.63604145855533 305.1034631477143
1024_5m/000193.png 37.397048355154496 126.63599426368762 301.00617416100016
1024_5m/000194.png 37.397070611294446 126.63594602608092 298.27824416483145
1024_5m/000195.png 37.39709159299292 126.63589632382183 297.15996243774464
1024_5m/000196.png 37.39711234530438 126.63584610762409 297.8863278122292
1024_5m/000197.png 37.39713411713774 126.6357965509677 300.3873339575865
1024_5m/000198.png 37.397157856294314 126.6357486977868 303.6899562129818
1024_5m/000199.png 37.39718324262329 126.63570363354742 307.0311582771781
1024_5m/000200.png 37.397210636625694 126.63566007015224 309.4066479285198
1024_5m/000201.png 37.39723917721683 126.63561791172417 310.81199445028454
1024_5m/000202.png 37.39726854793179 126.6355761093373 311.4129560890506
1024_5m/000203.png 37.39729687628743 126.63553604988279 311.510675800599
1024_5m/000204.png 37.397326155237494 126.63549463983846 311.4242731586743
1024_5m/000205.png 37.397356111652726 126.63545253932243 311.24743081152275
1024_5m/000206.png 37.39738573250099 126.63541057423808 311.0267305031829
1024_5m/000207.png 37.39741641367009 126.63536607254586 310.7660135991699
1024_5m/000208.png 37.397445929056936 126.63532297161794 310.6748907278656
1024_5m/000209.png 37.397474060474764 126.63528229636529 310.6980159078635
1024_5m/000210.png 37.39750244421013 126.63524095145631 310.60551121611286
1024_5m/000211.png 37.397530774986 126.63519898302722 310.39474526712166
1024_5m/000212.png 37.397558938171734 126.63515639374044 310.5015950481376
1024_5m/000213.png 37.397587431188924 126.63511494569633 310.7482208075662
1024_5m/000214.png 37.397616726114 126.63507501999251 310.441732071179
1024_5m/000215.png 37.39764480374694 126.63503408676749 310.0442771343165
1024_5m/000216.png 37.397673287807116 126.63499179520467 309.49380572883126
1024_5m/000217.png 37.397701144902136 126.63494909015185 308.37347503326225
1024_5m/000218.png 37.397728044507424 126.63490528146285 305.7691139880454
1024_5m/000219.png 37.39775223641624 126.63485863451344 298.50089941564096
1024_5m/000220.png 37.397770000805416 126.6348083463442 288.34362362046437
1024_5m/000221.png 37.397780397443164 126.63475408024752 277.43811081873673
1024_5m/000222.png 37.39778145899279 126.63470006041206 263.5578895412588
1024_5m/000223.png 37.39777135216731 126.63464642003335 247.79109618879372
1024_5m/000224.png 37.39775021053405 126.63459979111322 231.4540122265964
1024_5m/000225.png 37.397719372534205 126.63456026210469 221.09650853873012
1024_5m/000226.png 37.39768018749477 126.63451809609343 220.28727655432183
1024_5m/000227.png 37.39764601484189 126.63448191485935 219.90193832517977
1024_5m/000228.png 37.397610893277275 126.63444482970715 220.07752071933572
1024_5m/000229.png 37.397576354423066 126.63440826287079 220.03008008541602
1024_5m/000230.png 37.39754263026509 126.63437272895148 219.91653917563266
1024_5m/000231.png 37.397508822392886 126.63433715666719 220.0666242437587
1024_5m/000232.png 37.39747406322923 126.63430016614217 220.37371179871303
1024_5m/000233.png 37.39743985947707 126.63426328878464 220.6895942268666
1024_5m/000234.png 37.39740527762686 126.63422564828859 220.98548468464503
1024_5m/000235.png 37.39737144610924 126.63418870038767 221.10795963168584
1024_5m/000236.png 37.39733692337683 126.63415138773871 220.59298358940143
1024_5m/000237.png 37.397302421869064 126.63411485536112 220.303711815486
1024_5m/000238.png 37.397268170133266 126.63407880881758 220.2078634925058
1024_5m/000239.png 37.39723271055292 126.63404118006521 220.1803180891007
1024_5m/000240.png 37.397198177289205 126.63400457575247 220.04279616102136
1024_5m/000241.png 37.39716451688422 126.63396895807765 219.82472528602
1024_5m/000242.png 37.39713029762412 126.63393319879077 219.31637282621531
1024_5m/000243.png 37.39709531579394 126.63389776506494 218.18295548097464
1024_5m/000244.png 37.39705995279416 126.63386354107728 216.66260529931458
1024_5m/000245.png 37.39702356694704 126.63383025563982 215.4537556358794
1024_5m/000246.png 37.39698660722178 126.63379721806047 215.2859831187115
1024_5m/000247.png 37.39695080109193 126.6337651399887 215.60919716226934
1024_5m/000248.png 37.39691517311532 126.63373288241412 216.3150027475787
1024_5m/000249.png 37.39687947390109 126.63369943250076 217.22386590468696
1024_5m/000250.png 37.39684398613893 126.63366499556965 218.07311155583042
1024_5m/000251.png 37.39681015961839 126.63363129030232 219.03985189501384
1024_5m/000252.png 37.396776715955 126.63359660897842 220.50877953296813
1024_5m/000253.png 37.39674402939413 126.63356087797132 221.40590662125047
1024_5m/000254.png 37.396713646754314 126.6335230277211 220.82692448730796
1024_5m/000255.png 37.396681423270856 126.63348776831914 219.64258961637518
1024_5m/000256.png 37.39664858596237 126.63345319366209 220.08563579217292
1024_5m/000257.png 37.3966158963431 126.63341782785766 220.97459821760032
1024_5m/000258.png 37.39658288822528 126.63338179209681 220.71795673454272
1024_5m/000259.png 37.39655001846218 126.63334618932016 220.7475198982118
1024_5m/000260.png 37.39651647380668 126.63330961959245 220.96503494372757
1024_5m/000261.png 37.39648309639326 126.63327322293384 221.1751095471574
1024_5m/000262.png 37.39644967398316 126.63323650131937 221.34832862636324
1024_5m/000263.png 37.396415444744896 126.63319868667517 221.43152523140046
1024_5m/000264.png 37.39638198325162 126.6331615958334 221.4864135429174
1024_5m/000265.png 37.39634836151245 126.63312448407217 221.44509562039917
1024_5m/000266.png 37.39631400700764 126.63308680145515 221.01671660156634
1024_5m/000267.png 37.39628157626782 126.63305187900424 220.85220440799154
1024_5m/000268.png 37.39624721055574 126.63301516611223 220.64308510209295
1024_5m/000269.png 37.39621323100234 126.63297910284882 220.46862141757765
1024_5m/000270.png 37.396178944512954 126.63294287542791 220.3340960302977
1024_5m/000271.png 37.396144265703505 126.63290661421915 219.80735143838058
1024_5m/000272.png 37.39610909862382 126.63287051044627 218.96645920903853
1024_5m/000273.png 37.396075198852174 126.63283698972326 217.50829222583357
1024_5m/000274.png 37.396038486785365 126.63280301159882 215.34636610767797
1024_5m/000275.png 37.39600156069241 126.63277191090572 212.03364091388988
1024_5m/000276.png 37.39596260425557 126.6327444998917 205.6901102636422
1024_5m/000277.png 37.395921418501516 126.63272395728652 196.56847997125735
1024_5m/000278.png 37.3958774659446 126.63271288046786 184.90283617851148
1024_5m/000279.png 37.39582587521853 126.63271491929517 170.08805086987704
1024_5m/000280.png 37.395783209178276 126.63273045510964 156.923904640065
1024_5m/000281.png 37.395743900921794 126.63275538957771 150.666582456561
1024_5m/000282.png 37.395705055056254 126.63278243279366 151.3257164035662
1024_5m/000283.png 37.395665235723534 126.6328086734064 152.68248610062773
1024_5m/000284.png 37.39562479070473 126.63283395841651 153.71917324568366
1024_5m/000285.png 37.3955846675981 126.63285828281217 154.2698240635099
1024_5m/000286.png 37.39554522428971 126.63288277853381 154.39654637092275
1024_5m/000287.png 37.39550429124425 126.63290839823182 154.25523833110336
1024_5m/000288.png 37.39546471908373 126.63293288681425 154.26201568952254
1024_5m/000289.png 37.39542372481137 126.63295796121955 154.52995112602258
1024_5m/000290.png 37.39538317658702 126.63298231045648 154.59838850328975
1024_5m/000291.png 37.395341544206836 126.63300732288457 154.3066879055795
1024_5m/000292.png 37.39530124392949 126.6330318812806 154.10247341143184
1024_5m/000293.png 37.3952598866953 126.63305734068739 153.85547596043793
1024_5m/000294.png 37.395220040084745 126.63308214089685 153.67236632209665
1024_5m/000295.png 37.39517957259999 126.63310735130402 153.7387343184567
1024_5m/000296.png 37.395139719252334 126.63313209695575 153.8452291415377
1024_5m/000297.png 37.39509855686514 126.63315756530703 153.95471995287252
1024_5m/000298.png 37.395057705845566 126.63318278027107 153.9347185141879
1024_5m/000299.png 37.39501683151252 126.6332081047858 153.722331690861
1024_5m/000300.png 37.39497730589838 126.63323280563236 153.47112904736142
1024_5m/000301.png 37.39493907009622 126.63325691890857 153.31917850522805
1024_5m/000302.png 37.39489503701527 126.63328469247591 153.4087515105173
1024_5m/000303.png 37.394853896380575 126.63331051638849 153.43606664783886
1024_5m/000304.png 37.394814083786216 126.63333555323422 153.3733228246666
1024_5m/000305.png 37.394774059200664 126.63336074881536 153.34040799639476
1024_5m/000306.png 37.39473384726911 126.63338599210331 153.35035613178363
1024_5m/000307.png 37.394693604152266 126.63341123232368 153.37470051442676
1024_5m/000308.png 37.3946522278741 126.63343715210105 153.53774956692348
1024_5m/000309.png 37.39461163484847 126.63346235781188 153.72769622434666
1024_5m/000310.png 37.394573489023045 126.63348612316507 153.81831442406158
1024_5m/000311.png 37.394532623373344 126.6335115947637 153.77131733297148
1024_5m/000312.png 37.39449257641336 126.63353662037042 153.43273864781915
1024_5m/000313.png 37.394451728139636 126.63356249793141 153.1020651632429
1024_5m/000314.png 37.39441164205945 126.63358815897872 152.9880385557572
1024_5m/000315.png 37.39437098463906 126.63361444174083 152.69121345279186
1024_5m/000316.png 37.39433068299419 126.63364095594204 152.05436796418599
1024_5m/000317.png 37.39429126741937 126.6336678899145 150.89744554982272
1024_5m/000318.png 37.39425299019247 126.63369576490551 148.9200557127451
1024_5m/000319.png 37.39421601322278 126.63372510742036 146.70107354275714
1024_5m/000320.png 37.39417993527169 126.63375618179145 144.9507789600767
1024_5m/000321.png 37.3941439060149 126.63378756627303 146.2802085212878
1024_5m/000322.png 37.39410703441727 126.63381709036682 148.97080803801524
1024_5m/000323.png 37.39406972182275 126.63384369355354 152.09941548375372
1024_5m/000324.png 37.39403155848861 126.63386678364824 154.0319294025869
1024_5m/000325.png 37.39399220165281 126.63388791337466 153.39989724040421
1024_5m/000326.png 37.393953248467746 126.63391204087594 153.055817462699
1024_5m/000327.png 37.39391415850238 126.63393646390604 153.0774097149641
1024_5m/000328.png 37.39387428647468 126.6339612993058 153.40602921800894
1024_5m/000329.png 37.39383510489645 126.63398534795759 153.66003885061957
1024_5m/000330.png 37.39379574670236 126.63400923589305 154.18145707914215
1024_5m/000331.png 37.39375498232966 126.63403298599302 155.77568366691267
1024_5m/000332.png 37.3937137208916 126.63405525673762 158.12155286565851
1024_5m/000333.png 37.3936716334847 126.63407528567033 160.54869959696398
1024_5m/000334.png 37.39362904031102 126.63409297303426 162.4778996748412
1024_5m/000335.png 37.39358555863906 126.63410982015459 163.0476901947675
1024_5m/000336.png 37.393542906634835 126.6341262162311 162.95080278930578
1024_5m/000337.png 37.39349987678883 126.63414302592743 162.58065804138354
1024_5m/000338.png 37.3934571834601 126.63416033530861 161.58579142747058
1024_5m/000339.png 37.39341577050412 126.6341788127801 159.06076443795592
1024_5m/000340.png 37.393374068237605 126.63420041669055 156.00223030618503
1024_5m/000341.png 37.393333920827196 126.63422460190631 153.24288636367837
1024_5m/000342.png 37.39329378706577 126.634251260466 152.04610307097752
1024_5m/000343.png 37.39325619748555 126.634276604379 151.75267098311474
1024_5m/000344.png 37.39321626718134 126.63430366945921 151.7903784059773
1024_5m/000345.png 37.393177030031495 126.63433021967708 151.75438404405446
1024_5m/000346.png 37.393138584009556 126.63435632552167 151.60545508484083
1024_5m/000347.png 37.39309942998894 126.63438319178685 151.4051723041641
1024_5m/000348.png 37.39305966116217 126.63441063040192 151.45712853102918
1024_5m/000349.png 37.39301922592688 126.63443827675248 151.6629884175521
1024_5m/000350.png 37.392979918378025 126.63446488051395 151.85401537520627
1024_5m/000351.png 37.39294185019 126.63449047355213 151.977719428789
1024_5m/000352.png 37.39290143180322 126.63451760953431 152.08106300174228
1024_5m/000353.png 37.39286043463677 126.63454501126374 152.18359223877673
1024_5m/000354.png 37.39281138987709 126.63457746977939 152.38393050911773
1024_5m/000355.png 37.39277041749151 126.63460452392484 152.33416841148076
1024_5m/000356.png 37.392730009278836 126.6346312531634 152.1317048165627
1024_5m/000357.png 37.39268966020604 126.63465816635203 152.09380814651058
1024_5m/000358.png 37.3926491024921 126.63468534836153 152.11380774165374
1024_5m/000359.png 37.3926082591167 126.63471270136807 152.1339831701137
1024_5m/000360.png 37.39256904536914 126.63473897461581 152.15454970478166
1024_5m/000361.png 37.39252964235005 126.63476538894925 152.06654838774827
1024_5m/000362.png 37.39249008466538 126.63479208617042 151.96806011211473
1024_5m/000363.png 37.39245028606773 126.63481893026062 151.92539589032688
1024_5m/000364.png 37.392394626620806 126.63485671044472 151.82415402010315
1024_5m/000365.png 37.392353645203094 126.63488460787705 151.83104213108558
1024_5m/000366.png 37.39231410220163 126.63491155787187 151.69714197809216
1024_5m/000367.png 37.392274144316154 126.6349389792155 151.61017502991936
1024_5m/000368.png 37.39223371687098 126.63496670225052 151.64891654745398
1024_5m/000369.png 37.392192808585875 126.63499470341266 151.67523687875885
1024_5m/000370.png 37.39215341108905 126.63502151182121 151.6619370066294
1024_5m/000371.png 37.3921135779675 126.63504859541513 151.68322393142108
1024_5m/000372.png 37.39207332111165 126.63507598861128 151.7048281352746
1024_5m/000373.png 37.392021930904264 126.63511116086654 151.6768483433108
1024_5m/000374.png 37.39198071265412 126.63513931983739 151.71090958495827
1024_5m/000375.png 37.39194337423552 126.63516478754154 151.7568413824584
1024_5m/000376.png 37.391903454282385 126.63519203478072 151.68438075675292
1024_5m/000377.png 37.39186314485584 126.63521955677115 151.69517981195958
1024_5m/000378.png 37.3918224192699 126.63524732735482 151.82990963822908
1024_5m/000379.png 37.3917837713698 126.635273502466 151.82288306686587
1024_5m/000380.png 37.391742924195555 126.63530082289267 151.7973749335699
1024_5m/000381.png 37.391701876207996 126.63532734815716 151.86169907582894
1024_5m/000382.png 37.39166137873747 126.63535349675553 151.90255486185472
1024_5m/000383.png 37.391604691801795 126.6353912976442 151.83797910048935
1024_5m/000384.png 37.39156389151893 126.6354189924876 151.74080577222833
1024_5m/000385.png 37.39152333872632 126.63544663684105 151.68476737513487
1024_5m/000386.png 37.39148302791145 126.63547415544971 151.66134870634085
1024_5m/000387.png 37.39144268447953 126.63550172324724 151.6977591257799
1024_5m/000388.png 37.39140192576952 126.63552926596563 151.71973959736374
1024_5m/000389.png 37.39136086616427 126.63555687985702 151.87085229052914
1024_5m/000390.png 37.391317430509986 126.63558596490829 151.94947528102767
1024_5m/000391.png 37.39127843406676 126.63561234397787 151.98979311582426
1024_5m/000392.png 37.39123724448719 126.63564016319982 151.94465515010123
1024_5m/000393.png 37.3911879765306 126.63567334818426 152.04876802839024
1024_5m/000394.png 37.391147837739545 126.63570022647326 152.19653704651057
1024_5m/000395.png 37.391108261505074 126.63572656683259 152.28505358282712
1024_5m/000396.png 37.39106688057842 126.63575388301643 152.2028786265126
1024_5m/000397.png 37.39102578768936 126.63578115268209 152.0688747514459
1024_5m/000398.png 37.390984858095415 126.63580855209796 151.90185451293763
1024_5m/000399.png 37.39094394628583 126.63583607593013 151.8052987965809
1024_5m/000400.png 37.39090509787571 126.63586224674981 151.82907337524946
1024_5m/000401.png 37.390864292964295 126.63588979511522 151.88753912912628
1024_5m/000402.png 37.39082351610234 126.63591725620223 151.9196149065838
1024_5m/000403.png 37.39077706305989 126.63594859998352 151.97251070329062
1024_5m/000404.png 37.39073739824468 126.63597537841608 152.01321837619122
1024_5m/000405.png 37.39069457599598 126.63600430111684 152.13627474147674
1024_5m/000406.png 37.39065637206249 126.63602979661947 152.09136530152622
1024_5m/000407.png 37.39061719062258 126.63605606051127 151.9670909992045
1024_5m/000408.png 37.39057739224192 126.63608295881211 151.9081987172389
1024_5m/000409.png 37.390539069111796 126.63610887576674 152.02014023377828
1024_5m/000410.png 37.39049897273917 126.63613583502422 152.13009388317437
1024_5m/000411.png 37.39045915198532 126.63616254190164 152.10530538343133
1024_5m/000412.png 37.3904199477461 126.63618885443248 152.05034042815683
1024_5m/000413.png 37.390380384816304 126.63621541674941 152.03302589930232
1024_5m/000414.png 37.39034131327141 126.63624170908254 151.94160532814828
1024_5m/000415.png 37.39030271112587 126.63626784518534 151.89121204321444
1024_5m/000416.png 37.39026426540239 126.63629397314315 151.86208590137224
1024_5m/000417.png 37.39022582949045 126.63632006365997 151.8201153873927
1024_5m/000418.png 37.39018771715304 126.63634594852977 151.90184600997816
1024_5m/000419.png 37.39014988487167 126.63637089081169 151.937859214683
1024_5m/000420.png 37.39011191206268 126.63639588198784 151.8647149919893
1024_5m/000421.png 37.39007304908114 126.63642174280183 151.73379672857448
1024_5m/000422.png 37.3900343749549 126.6364479008852 151.58561236919047
1024_5m/000423.png 37.38999658694433 126.63647348388743 151.69264828539627
1024_5m/000424.png 37.3899563230487 126.6365005614974 151.78956823221117
1024_5m/000425.png 37.38991719476947 126.63652689812977 152.11638992055373
1024_5m/000426.png 37.389878395725205 126.63655265424363 152.2822016170567
1024_5m/000427.png 37.38983901871785 126.63657890956802 152.19337363276205
1024_5m/000428.png 37.38979936309437 126.6366054728623 152.08277464899442
1024_5m/000429.png 37.389759765856695 126.63663207047544 151.904940214354
1024_5m/000430.png 37.389721342048496 126.63665806393739 151.83214827595356
1024_5m/000431.png 37.38968199646172 126.63668459342853 151.791715105274
1024_5m/000432.png 37.38964176981804 126.63671187332685 151.62842182003155
1024_5m/000433.png 37.38960300827014 126.63673826915209 151.52895991945852
1024_5m/000434.png 37.38956358538945 126.63676524451613 151.26784676678938
1024_5m/000435.png 37.38952374642001 126.63679290558927 150.94478094349168
1024_5m/000436.png 37.38948470493401 126.63682041284379 150.68200379448135
1024_5m/000437.png 37.38944614231386 126.63684774004916 150.5834308494712
1024_5m/000438.png 37.38940686177046 126.63687551888414 150.77418983406835
1024_5m/000439.png 37.38936664524938 126.63690371156709 150.99992937412568
1024_5m/000440.png 37.38932711056637 126.63693115045274 151.29445192240786
1024_5m/000441.png 37.38928656271421 126.63695888681576 151.6278962497209
1024_5m/000442.png 37.38924684717463 126.63698571894166 152.01867123076102
1024_5m/000443.png 37.38920668490718 126.63701238180381 152.4156239778089
1024_5m/000444.png 37.38916711654123 126.63703832098878 152.73831677666266
1024_5m/000445.png 37.389126165248356 126.63706479177965 152.96666602833622
1024_5m/000446.png 37.38908678889736 126.63709007295158 152.88773607693616
1024_5m/000447.png 37.38904902212868 126.63711455889954 152.6208744457424
1024_5m/000448.png 37.389011072392854 126.63713959271274 152.28638520872073
1024_5m/000449.png 37.38897093674433 126.6371664543134 151.97018041134785
1024_5m/000450.png 37.388930164666746 126.63719385882119 151.92588662317587
1024_5m/000451.png 37.38889057776845 126.63722024391635 151.90596670421834
1024_5m/000452.png 37.38884852786897 126.63724828185492 151.95699422753782
1024_5m/000453.png 37.388807905238764 126.63727554089627 152.0663309880682
1024_5m/000454.png 37.388766748015705 126.63730301992518 152.22721484852855
1024_5m/000455.png 37.388725529592584 126.63733017286064 152.47162025185588
1024_5m/000456.png 37.388686698806644 126.63735549729205 152.6772483441823
1024_5m/000457.png 37.38864607917824 126.6373819267394 152.4783039857362
1024_5m/000458.png 37.38860548327569 126.63740873040392 152.15422465989687
1024_5m/000459.png 37.388564978072196 126.63743581662627 151.8125981368525
1024_5m/000460.png 37.388524585822466 126.63746313819628 151.76824471085794
1024_5m/000461.png 37.38848416469515 126.63749038475825 151.8338671372735
1024_5m/000462.png 37.38844377142083 126.63751749923303 151.82008778087007
1024_5m/000463.png 37.38840345007487 126.63754464851033 151.64539690122984
1024_5m/000464.png 37.388363273470446 126.63757204331705 151.11989415367694
1024_5m/000465.png 37.388323448118406 126.63760007118245 150.43050546540903
1024_5m/000466.png 37.38828396477663 126.6376286769943 149.74851466940677
1024_5m/000467.png 37.388233593466616 126.63766606460688 148.88207266102458
1024_5m/000468.png 37.38819647159457 126.63769435033191 148.37337522020283
1024_5m/000469.png 37.38815755653016 126.6377245591258 148.22193892624523
1024_5m/000470.png 37.38811846816057 126.63775483345994 148.5205109264513
1024_5m/000471.png 37.38807908307996 126.63778493010668 148.87918886918266
1024_5m/000472.png 37.38803936843508 126.63781479699071 149.21304891202527
1024_5m/000473.png 37.387999302315905 126.63784447707194 149.5931479775085
1024_5m/000474.png 37.38796080206266 126.63787262827265 150.00113568598502
1024_5m/000475.png 37.3879219786145 126.63790056580605 150.34222077200005
1024_5m/000476.png 37.38788289468448 126.63792832685179 150.65846731238895
1024_5m/000477.png 37.38784363049202 126.63795589360919 150.92196725454335
1024_5m/000478.png 37.387804384130185 126.63798315185255 151.18385453160246
1024_5m/000479.png 37.387763712286045 126.63801101781526 151.3301264883921
1024_5m/000480.png 37.38772378985796 126.63803825600421 151.4248464519959
1024_5m/000481.png 37.38768457434994 126.63806483996468 151.4621491426403
1024_5m/000482.png 37.38764431423357 126.63809214919219 151.21796462574937
1024_5m/000483.png 37.38760501037388 126.6381192073898 150.77346705024723
1024_5m/000484.png 37.387565021420556 126.6381474426894 150.55501531203146
1024_5m/000485.png 37.38752589521027 126.63817501728924 150.89916018755954
1024_5m/000486.png 37.38748601796292 126.63820268846877 151.2809663522988
1024_5m/000487.png 37.38744694052913 126.63822940010301 151.67909306455556
1024_5m/000488.png 37.38740669639576 126.63825611797566 152.03490144323555
1024_5m/000489.png 37.387366247453095 126.63828272423353 152.13982501695068
1024_5m/000490.png 37.38732892249959 126.63830797524842 152.1653018829733
1024_5m/000491.png 37.38728944090052 126.63833462135769 152.07625517950655
1024_5m/000492.png 37.38725006246548 126.6383611941895 151.94186868654603
1024_5m/000493.png 37.38721017263072 126.63838826491066 151.79601318400955
1024_5m/000494.png 37.38717028616337 126.63841563206509 151.69379452669168
1024_5m/000495.png 37.387131910728776 126.63844200839138 151.74924917707054
1024_5m/000496.png 37.38709285621796 126.63846836792062 151.8880997708295
1024_5m/000497.png 37.38705279163806 126.63849517098808 152.09326539701829
1024_5m/000498.png 37.38701366774201 126.6385215435317 152.12574388583457
1024_5m/000499.png 37.38697446502594 126.63854803149077 152.0730778130177
1024_5m/000500.png 37.38693531849377 126.63857446256806 152.0396004978863
1024_5m/000501.png 37.38689666527133 126.63860093857741 152.0219783190392
1024_5m/000502.png 37.38685731972874 126.6386280149438 152.0179301357645
1024_5m/000503.png 37.38681834859451 126.63865447547782 152.36346705584282
1024_5m/000504.png 37.38677905641175 126.6386807270818 152.9034666748637
1024_5m/000505.png 37.386740468175084 126.6387063381147 153.0425780447535
1024_5m/000506.png 37.386701473156556 126.63873199512763 152.46197607011572
1024_5m/000507.png 37.3866632414934 126.6387576467917 150.95147921558865
1024_5m/000508.png 37.38662557128562 126.63878413788166 149.81626417431568
1024_5m/000509.png 37.3865884493176 126.63881060257958 150.44569266780826
1024_5m/000510.png 37.38655090102529 126.63883647921864 151.81456108383622
1024_5m/000511.png 37.38651348274507 126.6388622893656 151.91969741289068
1024_5m/000512.png 37.38647506113834 126.6388877062029 151.65815674676313
1024_5m/000513.png 37.38643623967644 126.6389135456978 151.77282967856326
1024_5m/000514.png 37.386397493337405 126.63893912592995 152.11833394790023
1024_5m/000515.png 37.386357987060514 126.63896498026085 152.26670496873803
1024_5m/000516.png 37.38631864650692 126.63899078843268 151.93022238405928
1024_5m/000517.png 37.38627919283102 126.63901749051361 151.08459872021476
1024_5m/000518.png 37.386240886324245 126.63904510259997 148.4995458403151
1024_5m/000519.png 37.3862040954046 126.63907655861962 142.074895188998
1024_5m/000520.png 37.386171328502336 126.63911414928138 131.91535106452253
1024_5m/000521.png 37.38614570653765 126.63915651614523 121.7205631795519
1024_5m/000522.png 37.38612549715666 126.63920596049743 111.78693908975706
1024_5m/000523.png 37.386111532643234 126.63925949902547 104.47103730645827
1024_5m/000524.png 37.386102314851975 126.63931324463233 99.97853171836019
1024_5m/000525.png 37.38609588462623 126.639367712368 97.20469642245605
1024_5m/000526.png 37.386091173300265 126.63942345111475 95.47119453531062
1024_5m/000527.png 37.38608756228104 126.63947984837219 94.27803325277392
1024_5m/000528.png 37.386085083162904 126.63953531982757 92.83790923656052
1024_5m/000529.png 37.38608384572659 126.63959095284909 90.76714060533027
1024_5m/000530.png 37.38608434071187 126.63964652520325 87.98419131328544
1024_5m/000531.png 37.38608713278917 126.63970174195498 84.49688132435936
1024_5m/000532.png 37.38609295372247 126.63975549981716 79.72165788510605
1024_5m/000533.png 37.386103734422264 126.63981044317121 71.53717629032117
1024_5m/000534.png 37.386121776146254 126.63986173524604 60.35098341826709
1024_5m/000535.png 37.38614700453889 126.6399072185183 49.31507809373239
1024_5m/000536.png 37.38617750988131 126.63994617978886 42.151933134515616
1024_5m/000537.png 37.38621307690808 126.63998429429441 39.20492563487293
1024_5m/000538.png 37.38624781546779 126.64001976626535 39.454744592732574
1024_5m/000539.png 37.38628144490604 126.64005480797218 40.05643207255612
1024_5m/000540.png 37.38631551504173 126.64009100288803 40.53901875818214
1024_5m/000541.png 37.386348958304474 126.64012690721681 40.70442684478875
1024_5m/000542.png 37.38638266928967 126.6401634141743 41.054685196224916
1024_5m/000543.png 37.38641660447629 126.64020027072753 41.11179073151319
1024_5m/000544.png 37.386450669647786 126.6402371682256 41.0390300826725
1024_5m/000545.png 37.386484613366015 126.64027407500755 40.81802797136015
1024_5m/000546.png 37.38651834292911 126.64031077785657 41.1217979040419
1024_5m/000547.png 37.38655189640607 126.64034757164235 41.70685461858904
1024_5m/000548.png 37.386585045282246 126.64038460514953 42.23076041079573
1024_5m/000549.png 37.386619093235126 126.64042337374535 42.630816333247104
1024_5m/000550.png 37.386652200660215 126.64046149098424 42.971208739898664
1024_5m/000551.png 37.386685385881584 126.64050022941024 43.33835596621261
1024_5m/000552.png 37.38671820821049 126.64053921123612 43.68929413354918
1024_5m/000553.png 37.38675034285806 126.64057784562713 44.03346492959814
1024_5m/000554.png 37.38678326385688 126.6406176725085 44.35674984042626
1024_5m/000555.png 37.386813949336556 126.64065514883839 44.628620553359035
1024_5m/000556.png 37.386846781166625 126.64069563686621 44.49965757386623
1024_5m/000557.png 37.38687911394012 126.64073512373201 44.005095568913475
1024_5m/000558.png 37.386911284194674 126.6407735712853 43.24830016561953
1024_5m/000559.png 37.38694516873688 126.64081282571483 42.3471440991296
1024_5m/000560.png 37.38697802985715 126.64084992159196 41.892279788292775
1024_5m/000561.png 37.387011091509585 126.64088687657107 41.46264690051864
1024_5m/000562.png 37.387043027477056 126.64092200889634 41.044637514702806
1024_5m/000563.png 37.3870767982895 126.64095858010889 40.902231355699705
1024_5m/000564.png 37.38711529362592 126.64100036669078 41.05410902715956
1024_5m/000565.png 37.38714823348708 126.64103631120675 41.17067418269496
1024_5m/000566.png 37.38718309898564 126.64107449288844 41.23016362042695
1024_5m/000567.png 37.38721536753762 126.64110974634855 41.14867876799953
1024_5m/000568.png 37.387249147376075 126.64114646110289 40.86049649699239
1024_5m/000569.png 37.38728388606656 126.64118373746115 40.519904231909344
1024_5m/000570.png 37.387317980008184 126.64122000232392 40.346179622830704
1024_5m/000571.png 37.38735276111306 126.64125688934725 40.45411665032485
1024_5m/000572.png 37.38738518595001 126.6412914697169 40.694632192014325
1024_5m/000573.png 37.38741945003289 126.6413284132311 41.23991844539514
1024_5m/000574.png 37.387451187479385 126.6413635226173 42.24155959185831
1024_5m/000575.png 37.38748374176534 126.6414009346847 43.518992173700816
1024_5m/000576.png 37.38751625761707 126.64144022964383 45.21398374483327
1024_5m/000577.png 37.38754777300916 126.6414810304885 47.38982282901147
1024_5m/000578.png 37.38757761207337 126.64152306122894 49.77993700336222
1024_5m/000579.png 37.38760570274321 126.64156586380808 50.95341554365822
